V5,0,1,1,1,0,1,1,0,1,1,1,1,0,0,0,0,0,0,0,0,0,0,1,1,1,0,1,0,0,1,0,0,0,0,1,1,1,0,0,0,0,
V8,1,0,0,1,0,0,0,0,0,0,0,1,0,0,0,0,0,0,0,0,0,0,0,0,0,0,0,0,0,0,0,0,0,0,0,0,0,0,0,0,0,
V12,2,0,0,0,0,0,0,0,0,0,0,0,0,0,0,0,0,0,0,0,0,0,0,0,0,0,0,0,0,0,0,0,0,0,0,0,0,0,0,0,0,
V14,3,0,0,0,0,0,0,0,0,0,0,0,0,0,0,0,0,0,0,0,0,0,0,0,0,0,0,0,0,0,0,0,0,0,0,0,0,0,0,0,0,
V15,4,1,1,0,0,1,1,0,1,1,1,0,0,0,0,0,0,0,0,0,0,0,1,1,1,0,1,0,0,1,0,0,0,0,1,1,1,0,0,0,0,
V15,5,1,1,1,1,1,1,0,1,1,1,1,1,1,1,1,0,1,1,1,0,1,1,1,1,1,1,1,1,1,0,1,1,1,1,1,1,0,0,1,1,
V17,6,0,0,1,1,0,0,0,0,0,0,1,1,1,1,1,0,1,1,1,0,1,0,0,0,1,0,1,1,0,0,1,1,1,0,0,0,0,0,1,1,
V20,7,0,0,0,0,0,0,0,0,0,0,0,0,0,0,0,0,0,0,0,0,0,0,0,0,0,0,0,0,0,0,0,0,0,0,0,0,0,0,0,0,
V20,8,0,0,0,0,0,0,0,0,0,0,0,0,0,0,0,0,0,0,0,0,0,0,0,0,0,0,0,0,0,0,0,0,0,0,0,0,0,0,0,0,
V22,9,1,1,0,0,1,1,1,1,1,1,0,0,0,0,0,1,0,0,0,1,0,1,1,1,0,1,0,0,1,1,0,0,0,1,1,1,1,1,0,0,
V25,10,1,1,1,1,1,1,1,1,1,1,1,1,1,0,0,1,1,0,1,1,1,1,1,1,1,1,1,0,1,1,1,1,1,1,1,1,1,1,1,1,
V26,11,0,0,1,1,0,0,0,0,0,0,1,1,1,0,0,0,1,0,1,0,1,0,0,0,1,0,1,0,0,0,1,1,1,0,0,0,0,0,1,1,
V26,12,0,0,0,0,0,0,0,0,0,0,0,0,0,0,0,0,0,0,0,0,0,0,0,0,0,0,0,0,0,0,0,0,0,0,0,0,0,0,0,0,
V28,13,0,0,0,0,0,0,0,0,0,0,0,0,0,0,0,0,0,0,0,0,0,0,0,0,0,0,0,0,0,0,0,0,0,0,0,0,0,0,0,0,
V28,14,1,1,0,0,1,1,1,1,1,0,0,0,0,1,1,1,0,0,0,1,0,1,1,1,0,1,0,1,1,1,0,0,0,1,1,1,1,1,0,0,
V29,15,1,1,1,1,1,1,1,1,1,0,1,1,1,1,1,1,1,0,1,1,1,1,1,1,1,1,1,1,1,1,1,1,1,1,1,1,1,1,1,1,
V33,16,0,0,1,1,0,0,0,0,0,0,1,1,1,0,0,0,1,0,1,0,1,0,0,0,1,0,1,0,0,0,1,1,1,0,0,0,0,0,1,1,
V37,17,0,0,0,0,0,0,0,0,0,0,0,0,0,0,0,0,0,0,0,0,0,0,0,0,0,0,0,0,0,0,0,0,0,0,0,0,0,0,0,0,
V39,18,0,0,0,0,0,0,0,0,0,0,0,0,0,0,0,0,0,1,0,0,0,0,0,0,0,0,0,0,0,0,0,0,0,0,0,0,0,0,0,0,
V40,19,1,1,0,0,1,1,1,1,1,0,0,0,0,1,1,1,0,1,0,1,0,1,1,1,0,1,0,1,1,1,0,0,0,1,1,1,1,1,0,0,
V42,20,1,1,1,1,1,1,1,1,1,0,1,1,1,1,1,1,1,0,1,1,1,1,1,1,1,1,1,1,1,1,1,1,1,1,1,1,1,1,1,1,
V48,21,0,0,1,1,0,0,0,0,0,0,1,1,1,0,0,0,1,0,1,0,1,0,0,0,1,0,1,0,0,0,1,1,1,0,0,0,0,0,1,1,
V59,22,0,0,0,0,0,0,0,0,0,1,0,0,0,0,0,0,0,0,0,0,0,0,0,0,0,0,0,0,0,0,0,0,0,0,0,0,0,0,0,0,
V60,23,0,0,0,0,0,0,0,0,0,1,0,0,0,0,0,0,0,1,0,0,0,0,0,0,0,0,0,0,0,0,0,0,0,0,0,0,0,0,0,0,
V63,24,1,1,0,0,1,1,1,1,1,0,0,0,0,1,1,1,0,1,0,1,0,1,1,1,0,1,0,1,1,1,0,0,0,1,1,1,1,1,0,0,
V70,25,1,1,1,1,1,1,1,1,1,0,1,1,1,1,1,1,1,0,1,1,1,1,1,1,1,1,1,1,1,1,1,1,1,1,1,1,1,1,1,1,
V71,26,0,0,1,1,0,0,0,0,0,0,1,1,1,0,0,0,1,0,1,0,1,0,0,0,1,0,1,0,0,0,1,1,1,0,0,0,0,0,1,1,
V73,27,0,0,0,0,0,0,0,0,0,1,0,0,0,0,0,0,0,0,0,0,0,0,0,0,0,0,0,0,0,0,0,0,0,0,0,0,0,0,0,0,
V75,28,0,0,0,0,0,0,0,0,0,1,0,0,0,0,0,0,0,1,0,0,0,0,0,0,0,0,0,0,0,0,0,0,0,0,0,0,0,0,0,0,
V76,29,1,1,0,0,1,1,1,1,1,0,0,0,0,1,1,1,0,1,0,1,0,1,1,1,0,1,0,1,1,1,0,0,0,1,1,1,1,1,0,0,
V80,30,1,1,1,1,1,1,1,1,1,0,1,1,1,1,1,1,1,0,1,1,1,1,1,1,1,1,1,1,1,1,1,1,1,1,1,1,1,1,1,1,
V80,31,0,0,1,1,0,0,0,0,0,0,1,1,1,0,0,0,1,0,1,0,1,0,0,0,1,0,1,0,0,0,1,1,1,0,0,0,0,0,1,1,
V82,32,0,0,0,0,0,0,0,0,0,1,0,0,0,0,0,0,0,0,0,0,0,0,0,0,0,0,0,0,0,0,0,0,0,0,0,0,0,0,0,0,
V84,33,0,0,0,0,0,0,0,0,0,1,0,0,0,0,0,0,0,1,0,0,0,0,0,0,0,0,0,0,0,0,0,0,0,0,0,0,0,0,0,0,
V84,34,1,1,0,0,1,1,1,1,1,0,0,0,0,1,1,1,0,1,0,1,0,1,1,1,0,1,0,1,1,1,0,0,0,1,1,1,1,1,0,0,
V90,35,1,1,1,1,1,1,1,1,1,0,1,1,1,1,1,1,1,0,1,1,1,1,1,1,1,1,1,1,1,1,1,1,1,1,1,1,1,1,1,1,
V94,36,0,0,1,1,0,0,0,0,0,0,1,1,1,0,0,0,1,0,1,0,1,0,0,0,1,0,1,0,0,0,1,1,1,0,0,0,0,0,1,1,
V94,37,0,0,0,0,0,0,0,0,0,1,0,0,0,0,0,0,0,0,0,0,0,0,0,0,0,0,0,0,0,0,0,0,0,0,0,0,0,0,0,0,
V98,38,0,0,0,0,0,0,0,0,0,1,0,0,0,0,0,0,0,1,0,0,0,0,0,0,0,0,0,0,0,0,0,0,0,0,0,0,0,0,0,0,
V99,39,1,1,0,0,1,1,1,1,1,0,0,0,0,1,1,1,0,1,0,1,0,1,1,1,0,1,0,1,1,1,0,0,0,1,1,1,1,1,0,0,
,40,1,1,1,1,1,1,1,1,1,0,1,1,1,1,1,1,1,0,1,1,1,1,1,1,1,1,1,1,1,1,1,1,1,1,1,1,1,1,1,1,
,41,0,0,1,1,0,0,0,0,0,0,1,1,1,0,0,0,1,0,1,0,1,0,0,0,1,0,1,0,0,0,1,1,1,0,0,0,0,0,1,1,
,42,0,0,0,0,0,0,0,0,0,1,0,0,0,0,0,0,0,0,0,0,0,0,0,0,0,0,0,0,0,0,0,0,0,0,0,0,0,0,0,0,
,43,0,0,0,0,0,0,0,0,0,1,0,0,0,0,0,0,0,1,0,0,0,0,0,0,0,0,0,0,0,0,0,0,0,0,0,0,0,0,0,0,
,44,1,1,0,0,1,1,1,1,1,0,0,0,0,1,1,1,0,1,0,1,0,1,1,1,0,1,0,1,1,1,0,0,0,1,1,1,1,1,0,0,
,45,1,1,1,1,1,1,1,1,1,0,1,1,1,1,1,1,1,0,1,1,1,1,1,1,1,1,1,1,1,1,1,1,1,1,1,1,1,1,1,1,
,46,0,0,1,1,0,0,0,0,0,0,1,1,1,0,0,0,1,0,1,0,1,0,0,0,1,0,1,0,0,0,1,1,1,0,0,0,0,0,1,1,
,47,0,0,0,0,0,0,0,0,0,1,0,0,0,0,0,0,0,0,0,0,0,0,0,0,0,0,0,0,0,0,0,0,0,0,0,0,0,0,0,0,
,48,0,0,0,0,0,0,0,0,0,1,0,0,0,0,0,0,0,1,0,0,0,0,0,0,0,0,0,0,0,0,0,0,0,0,0,0,0,0,0,0,
,49,1,1,0,0,1,1,1,1,1,0,0,0,0,1,1,1,0,1,0,1,0,1,1,1,0,1,0,1,1,1,0,0,0,1,1,1,1,1,0,0,
,50,1,1,1,1,1,1,1,1,1,0,1,1,1,1,1,1,1,0,1,1,1,1,1,1,1,1,1,1,1,1,1,1,1,1,1,1,1,1,1,1,
,51,0,0,1,1,0,0,0,0,0,0,1,1,1,0,0,0,1,0,1,0,1,0,0,0,1,0,1,0,0,0,1,1,1,0,0,0,0,0,1,1,
,52,0,0,0,0,0,0,0,0,0,1,0,0,0,0,0,0,0,0,0,0,0,0,0,0,0,0,0,0,0,0,0,0,0,0,0,0,0,0,0,0,
,53,0,0,0,0,0,0,0,0,0,1,0,0,0,0,0,0,0,1,0,0,0,0,0,0,0,0,0,0,0,0,0,0,0,0,0,0,0,0,0,0,
,54,1,1,0,0,1,1,1,1,1,0,0,0,0,1,1,1,0,1,0,1,0,1,1,1,0,1,0,1,1,1,0,0,0,1,1,1,1,1,0,0,
,55,1,1,1,1,1,1,1,1,1,0,1,1,1,1,1,1,1,0,1,1,1,1,1,1,1,1,1,1,1,1,1,1,1,1,1,1,1,1,1,1,
,56,0,0,1,1,0,0,0,0,0,0,1,1,1,0,0,0,1,0,1,0,1,0,0,0,1,0,1,0,0,0,1,1,1,0,0,0,0,0,1,1,
,57,0,0,0,0,0,0,0,0,0,1,0,0,0,0,0,0,0,0,0,0,0,0,0,0,0,0,0,0,0,0,0,0,0,0,0,0,0,0,0,0,
,58,0,0,0,0,0,0,0,0,0,1,0,0,0,0,0,0,0,1,0,0,0,0,0,0,0,0,0,0,0,0,0,0,0,0,0,0,0,0,0,0,
,59,1,1,0,0,1,1,1,1,1,0,0,0,0,1,1,1,0,1,0,1,0,1,1,1,0,1,0,1,1,1,0,0,0,1,1,1,1,1,0,0,
,60,1,1,1,1,1,1,1,1,1,0,1,1,1,1,1,1,1,0,1,1,1,1,1,1,1,1,1,1,1,1,1,1,1,1,1,1,1,1,1,1,
,61,0,0,1,1,0,0,0,0,0,0,1,1,1,0,0,0,1,0,1,0,1,0,0,0,1,0,1,0,0,0,1,1,1,0,0,0,0,0,1,1,
,62,0,0,0,0,0,0,0,0,0,1,0,0,0,0,0,0,0,0,0,0,0,0,0,0,0,0,0,0,0,0,0,0,0,0,0,0,0,0,0,0,
,63,0,0,0,0,0,0,0,0,0,1,0,0,0,0,0,0,0,1,0,0,0,0,0,0,0,0,0,0,0,0,0,0,0,0,0,0,0,0,0,0,
,64,1,1,0,0,1,1,1,1,1,0,0,0,0,1,1,1,0,1,0,1,0,1,1,1,0,1,0,1,1,1,0,0,0,1,1,1,1,1,0,0,
,65,1,1,1,1,1,1,1,1,1,0,1,1,1,1,1,1,1,0,1,1,1,1,1,1,1,1,1,1,1,1,1,1,1,1,1,1,1,1,1,1,
,66,0,0,1,1,0,0,0,0,0,0,1,1,1,0,0,0,1,0,1,0,1,0,0,0,1,0,1,0,0,0,1,1,1,0,0,0,0,0,1,1,
,67,0,0,0,0,0,0,0,0,0,1,0,0,0,0,0,0,0,0,0,0,0,0,0,0,0,0,0,0,0,0,0,0,0,0,0,0,0,0,0,0,
,68,0,0,0,0,0,0,0,0,0,1,0,0,0,0,0,0,0,1,0,0,0,0,0,0,0,0,0,0,0,0,0,0,0,0,0,0,0,0,0,0,
,69,1,1,0,0,1,1,1,1,1,0,0,0,0,1,1,1,0,1,0,1,0,1,1,1,0,1,0,1,1,1,0,0,0,1,1,1,1,1,0,0,
,70,1,1,1,1,1,1,1,1,1,0,1,1,1,1,1,1,1,0,1,1,1,1,1,1,1,1,1,1,1,1,1,1,1,1,1,1,1,1,1,1,
,71,0,0,1,1,0,0,0,0,0,0,1,1,1,0,0,0,1,0,1,0,1,0,0,0,1,0,1,0,0,0,1,1,1,0,0,0,0,0,1,1,
,72,0,0,0,0,0,0,0,0,0,1,0,0,0,0,0,0,0,0,0,0,0,0,0,0,0,0,0,0,0,0,0,0,0,0,0,0,0,0,0,0,
,73,0,0,0,0,0,0,0,0,0,1,0,0,0,0,0,0,0,1,0,0,0,0,0,0,0,0,0,0,0,0,0,0,0,0,0,0,0,0,0,0,
,74,1,1,0,0,1,1,1,1,1,0,0,0,0,1,1,1,0,1,0,1,0,1,1,1,0,1,0,1,1,1,0,0,0,1,1,1,1,1,0,0,
,75,1,1,1,1,1,1,1,1,1,0,1,1,1,1,1,1,1,0,1,1,1,1,1,1,1,1,1,1,1,1,1,1,1,1,1,1,1,1,1,1,
,76,0,0,1,1,0,0,0,0,0,0,1,1,1,0,0,0,1,0,1,0,1,0,0,0,1,0,1,0,0,0,1,1,1,0,0,0,0,0,1,1,
,77,0,0,0,0,0,0,0,0,0,1,0,0,0,0,0,0,0,0,0,0,0,0,0,0,0,0,0,0,0,0,0,0,0,0,0,0,0,0,0,0,
,78,0,0,0,0,0,0,0,0,0,1,0,0,0,0,0,0,0,1,0,0,0,0,0,0,0,0,0,0,0,0,0,0,0,0,0,0,0,0,0,0,
,79,1,1,0,0,1,1,1,1,1,0,0,0,0,1,1,1,0,1,0,1,0,1,1,1,0,1,0,1,1,1,0,0,0,1,1,1,1,1,0,0,
,80,1,1,1,1,1,1,1,1,1,0,1,1,1,1,1,1,1,0,1,1,1,1,1,1,1,1,1,1,1,1,1,1,1,1,1,1,1,1,1,1,
,81,0,0,1,1,0,0,0,0,0,0,1,1,1,0,0,0,1,0,1,0,1,0,0,0,1,0,1,0,0,0,1,1,1,0,0,0,0,0,1,1,
,82,0,0,0,0,0,0,0,0,0,1,0,0,0,0,0,0,0,0,0,0,0,0,0,0,0,0,0,0,0,0,0,0,0,0,0,0,0,0,0,0,
,83,0,0,0,0,0,0,0,0,0,1,0,0,0,0,0,0,0,1,0,0,0,0,0,0,0,0,0,0,0,0,0,0,0,0,0,0,0,0,0,0,
,84,1,1,0,0,1,1,1,1,1,0,0,0,0,1,1,1,0,1,0,1,0,1,1,1,0,1,0,1,1,1,0,0,0,1,1,1,1,1,0,0,
,85,1,1,1,1,1,1,1,1,1,0,1,1,1,1,1,1,1,0,1,1,1,1,1,1,1,1,1,1,1,1,1,1,1,1,1,1,1,1,1,1,
,86,0,0,1,1,0,0,0,0,0,0,1,1,1,0,0,0,1,0,1,0,1,0,0,0,1,0,1,0,0,0,1,1,1,0,0,0,0,0,1,1,
,87,0,0,0,0,0,0,0,0,0,1,0,0,0,0,0,0,0,0,0,0,0,0,0,0,0,0,0,0,0,0,0,0,0,0,0,0,0,0,0,0,
,88,0,0,0,0,0,0,0,0,0,1,0,0,0,0,0,0,0,1,0,0,0,0,0,0,0,0,0,0,0,0,0,0,0,0,0,0,0,0,0,0,
,89,1,1,0,0,1,1,1,1,1,0,0,0,0,1,1,1,0,1,0,1,0,1,1,1,0,1,0,1,1,1,0,0,0,1,1,1,1,1,0,0,
,90,1,1,1,1,1,1,1,1,1,0,1,1,1,1,1,1,1,0,1,1,1,1,1,1,1,1,1,1,1,1,1,1,1,1,1,1,1,1,1,1,
,91,0,0,1,1,0,0,0,0,0,0,1,1,1,0,0,0,1,0,1,0,1,0,0,0,1,0,1,0,0,0,1,1,1,0,0,0,0,0,1,1,
,92,0,0,0,0,0,0,0,0,0,1,0,0,0,0,0,0,0,0,0,0,0,0,0,0,0,0,0,0,0,0,0,0,0,0,0,0,0,0,0,0,
,93,0,0,0,0,0,0,0,0,0,1,0,0,0,0,0,0,0,1,0,0,0,0,0,0,0,0,0,0,0,0,0,0,0,0,0,0,0,0,0,0,
,94,1,1,0,0,1,1,1,1,1,0,0,0,0,1,1,1,0,1,0,1,0,1,1,1,0,1,0,1,1,1,0,0,0,1,1,1,1,1,0,0,
,95,1,1,1,1,1,1,1,1,1,0,1,1,1,1,1,1,1,0,1,1,1,1,1,1,1,1,1,1,1,1,1,1,1,1,1,1,1,1,1,1,
,96,0,0,1,1,0,0,0,0,0,0,1,1,1,0,0,0,1,0,1,0,1,0,0,0,1,0,1,0,0,0,1,1,1,0,0,0,0,0,1,1,
,97,0,0,0,0,0,0,0,0,0,1,0,0,0,0,0,0,0,0,0,0,0,0,0,0,0,0,0,0,0,0,0,0,0,0,0,0,0,0,0,0,
,98,0,0,0,0,0,0,0,0,0,1,0,0,0,0,0,0,0,1,0,0,0,0,0,0,0,0,0,0,0,0,0,0,0,0,0,0,0,0,0,0,
,99,1,1,0,0,1,1,1,1,1,0,0,0,0,1,1,1,0,1,0,1,0,1,1,1,0,1,0,1,1,1,0,0,0,1,1,1,1,1,0,0,
