Adjacency Matrix
0
0
0
0
0
0
0
0
0
0
0
0
0
0
0
0
0
0
0
0
0
0
0
0
0
0
0
0
0
0
0
0
0
0
0
0
0
0
0
0
0
0
0
0
0
0
0
0
0
0
0
0
0
0
0
0
0
0
0
0
0
0
0
0
0
0
0
0
0
0
0
0
0
0
0
0
0
0
0
0
0
0
0
0
0
0
0
0
0
0
0
0
0
0
0
0
0
0
0
0
0
0.779372
0
0
0
0
0
0
0
0
0
0
0
0
0
0
0
0.966058
0
0
0
0
0
0
0
0
0
0
0
0
0
0.701336
0
0
0
0
0
0
0
0
0
0
0
0
0
0
0
0
0
0
0
0
0
0
0
0
0.348297
0.338047
0.0309722
0
0
0
0
0
0
0
0
0
0
0
0
0
0
0
0
0
0
0
0.0741007
0
0
0
0
0
0
0
0
0.959045
0
0
0
0.594324
0
0
0
0
0
0.661561
0
0
0
0
0
0
0
0
0
0
0
0
0
0
0
0
0
0
0
0
0
0
0
0
0
0
0
0
0
0
0
0
0
0
0
0
0
0
0
0
0
0
0
0
0
0
0
0
0
0
0
0
0
0
0
0
0
0
0
0
0
0
0
0
0
0
0
0
0
0
0
0
0
0
0
0
0
0
0
0
0
0
0
0
0
0
0
0
0
0
0
0
0
0
0
0
0
0
0
0
0
0
0.286952
0
0
0
0
0
0
0
0
0
0
0
0
0
0
0
0
0
0
0
0
0
0
0
0
0
0
0
0
0
0
0
0
0.934181
0.41482
0
0
0
0
0
0
0
0
0
0
0
0
0.0660636
0
0
0
0
0
0
0
0
0
0
0
0
0
0
0
0
0
0.57063
0
0
0
0
0.452956
0
0
0
0
0
0
0
0
0
0
0
0
0
0.28292
0
0
0.71745
0.00107346
0
0
0
0
0
0
0
0
0.767751
0
0
0
0
0
0
0
0
0
0
0
0
0
0
0
0
0
0
0
0
0
0
0
0
0
0
0
0
0
0
0
0
0
0
0
0
0
0
0
0
0
0
0
0
0
0
0
0
0
0
0
0
0
0
0
0
0
0
0
0
0
0
0
0
0
0
0
0
0
0
0
0
0
0
0
0
0
0
0
0
0
0
0
0
0
0
0
0
0
0
0
0
0
0
0
0
0
0
0
0
0
0
0
0
0
0
0
0
0.768242
0
0
0.692356
0
0
0
0
0.00238443
0
0.497863
0
0
0
0
0
0
0
0
0
0
0
0
0
0.328252
0.994389
0
0.671428
0
0
0
0
0
0
0
0
0
0
0
0
0
0
0
0
0
0
0
0
0
0
0.696346
0
0
0
0
0
0
0
0
0
0.851434
0
0
0
0
0
0
0
0
0.461797
0
0
0
0
0
0
0
0
0
0
0
0
0
0
0
0
0
0
0
0
0
0
0
0
0
0
0
0
0
0
0
0
0
0
0
0
0
0
0
0
0
0
0
0
0
0
0
0
0
0
0
0
0
0
0
0
0
0
0
0
0
0
0
0
0
0
0
0
0
0
0
0
0
0
0
0
0
0
0
0
0
0
0
0
0
0
0
0
0
0
0
0
0
0
0
0
0
0
0
0
0
0
0
0
0
0
0
0
0
0
0
0
0
0
0
0
0
0
0
0
0
0
0
0
0
0
0
0
0
0
0
0
0
0
0
0.802756
0.128952
0
0
0.097908
0
0
0
0
0
0
0
0
0
0.0661716
0
0
0
0
0
0
0
0
0
0
0
0
0
0.40926
0
0
0
0
0.835422
0
0
0
0
0.542455
0
0
0
0
0
0
0
0
0
0
0
0
0
0.355607
0
0
0
0
0
0
0
0
0
0
0
0.976268
0
0
0
0
0
0
0
0.619248
0
0
0
0
0
0
0
0
0
0
0
0
0
0
0
0
0
0
0
0
0
0
0
0
0
0
0
0
0
0
0
0
0
0
0
0
0
0
0
0
0
0
0
0
0
0
0
0
0
0
0
0
0
0
0
0
0
0
0
0
0
0
0
0
0
0
0
0
0
0
0
0
0
0
0
0
0
0
0
0
0
0
0
0
0
0
0
0
0
0
0
0
0
0
0
0
0
0
0
0
0
0
0
0
0
0
0
0
0
0
0
0
0
0
0
0
0
0
0
0
0
0
0
0
0
0
0
0
0
0
0
0
0
0
0.349867
0.329124
0
0
0
0
0
0
0
0
0
0
0
0
0
0
0.954439
0
0
0
0
0
0
0
0
0
0
0.277927
0.33808
0
0
0.843606
0
0
0
0
0
0
0
0
0
0
0
0
0
0
0
0
0
0
0
0
0.202976
0
0
0
0
0
0
0.130479
0
0
0
0
0
0
0
0
0
0
0.339419
0
0
0
0.798028
0
0
0
0
0
0
0
0
0
0
0
0
0
0
0
0
0
0
0
0
0
0
0
0
0
0
0
0
0
0
0
0
0
0
0
0
0
0
0
0
0
0
0
0
0
0
0
0
0
0
0
0
0
0
0
0
0
0
0
0
0
0
0
0
0
0
0
0
0
0
0
0
0
0
0
0
0
0
0
0
0
0
0
0
0
0
0
0
0
0
0
0
0
0
0
0
0
0
0
0
0
0
0
0
0
0
0
0
0
0
0
0
0
0
0
0
0
0
0
0
0
0
0
0
0
0
0
0
0.395438
0
0
0
0
0
0
0
0
0
0
0
0
0
0
0
0
0
0
0
0
0.0746966
0
0.670677
0.0239464
0
0
0
0
0.553168
0.852648
0
0
0
0
0
0
0
0
0
0
0
0
0
0
0
0
0
0
0.480889
0
0
0.585342
0
0
0.203856
0
0
0
0
0
0
0
0
0
0
0
0
0
0
0
0
0
0
0.170771
0
0
0
0
0
0
0
0
0
0
0
0
0
0
0
0
0
0
0
0
0
0
0
0
0
0
0
0
0
0
0
0
0
0
0
0
0
0
0
0
0
0
0
0
0
0
0
0
0
0
0
0
0
0
0
0
0
0
0
0
0
0
0
0
0
0
0
0
0
0
0
0
0
0
0
0
0
0
0
0
0
0
0
0
0
0
0
0
0
0
0
0
0
0
0
0
0
0
0
0
0
0
0
0
0
0
0
0
0
0
0
0
0
0
0
0
0
0
0
0
0
0
0
0
0
0.0258455
0.806876
0
0
0
0
0
0
0
0.537438
0
0
0
0
0
0.0734021
0
0
0
0
0.204666
0
0
0
0
0
0
0
0
0
0
0
0
0
0
0
0
0
0
0
0
0
0
0
0
0
0.674759
0
0
0
0
0
0
0
0
0
0
0
0.88978
0
0.0964769
0
0
0
0
0
0
0
0.988332
0
0.923147
0
0
0
0
0
0
0
0
0
0
0
0
0
0
0
0
0
0
0
0
0
0
0
0
0
0
0
0
0
0
0
0
0
0
0
0
0
0
0
0
0
0
0
0
0
0
0
0
0
0
0
0
0
0
0
0
0
0
0
0
0
0
0
0
0
0
0
0
0
0
0
0
0
0
0
0
0
0
0
0
0
0
0
0
0
0
0
0
0
0
0
0
0
0
0
0
0
0
0
0
0
0
0
0
0
0
0
0
0
0
0
0
0
0
0
0
0
0
0
0
0
0
0
0
0
0
0
0
0.156636
0
0
0
0
0
0
0
0
0.252274
0
0
0
0
0
0
0.572462
0.619153
0
0
0
0.458545
0
0
0.27976
0
0
0
0
0
0
0
0
0
0
0
0
0
0
0
0
0.624372
0
0
0
0
0
0
0
0
0
0
0
0
0
0
0
0.224489
0
0
0
0
0
0.545504
0
0
0
0
0
0
0
0
0
0
0
0
0
0
0.0624812
0
0
0
0
0
0
0
0
0
0
0
0
0
0
0
0
0
0
0
0
0
0
0
0
0
0
0
0
0
0
0
0
0
0
0
0
0
0
0
0
0
0
0
0
0
0
0
0
0
0
0
0
0
0
0
0
0
0
0
0
0
0
0
0
0
0
0
0
0
0
0
0
0
0
0
0
0
0
0
0
0
0
0
0
0
0
0
0
0
0
0
0
0
0
0
0
0
0
0
0
0
0
0
0
0
0
0
0
0
0
0
0
0
0
0
0
0
0
0
0.734888
0
0
0
0.702385
0
0
0
0
0
0
0
0
0
0
0
0
0
0.00390902
0
0
0
0
0.421796
0
0
0
0.466563
0
0
0
0
0
0
0
0
0.375893
0
0.706957
0
0
0
0
0
0
0
0
0
0
0
0
0
0
0
0
0.832927
0
0
0
0
0
0
0
0
0
0
0
0
0
0
0
0
0
0
0
0
0
0
0
0.549671
0.310718
0
0
0
0
0
0
0
0
0
0
0
0
0
0
0
0
0
0
0
0
0
0
0
0
0
0
0
0
0
0
0
0
0
0
0
0
0
0
0
0
0
0
0
0
0
0
0
0
0
0
0
0
0
0
0
0
0
0
0
0
0
0
0
0
0
0
0
0
0
0
0
0
0
0
0
0
0
0
0
0
0
0
0
0
0
0
0
0
0
0
0
0
0
0
0
0
0
0
0
0
0
0
0
0
0
0.075926
0.397672
0
0
0
0
0
0.613695
0
0
0
0
0
0
0
0
0
0
0
0
0.395945
0
0
0
0
0
0
0
0
0.997286
0
0
0
0
0
0
0
0
0
0
0
0
0
0
0
0
0.554754
0
0
0
0.0434438
0
0
0
0
0
0
0
0
0
0
0
0
0
0
0
0
0
0
0.656941
0
0
0
0
0
0
0
0
0
0
0
0
0
0
0.960184
0
0
0
0
0
0
0
0
0.678656
0
0
0
0
0
0
0
0
0
0
0
0
0
0
0
0
0
0
0
0
0
0
0
0
0
0
0
0
0
0
0
0
0
0
0
0
0
0
0
0
0
0
0
0
0
0
0
0
0
0
0
0
0
0
0
0
0
0
0
0
0
0
0
0
0
0
0
0
0
0
0
0
0
0
0
0
0
0
0
0
0
0
0
0
0
0
0
0
0
0
0
0
0
0
0
0
0
0
0
0
0
0
0
0
0
0
0
0
0
0
0
0
0
0
0.495433
0
0.989382
0
0
0
0
0
0
0
0
0
0
0
0
0
0
0
0.185895
0.76642
0
0.168885
0
0
0
0
0.438031
0
0
0
0
0
0
0
0
0.643054
0.959358
0
0
0
0
0
0
0
0
0
0
0
0
0
0
0
0
0
0
0
0
0
0
0
0
0
0
0
0
0.0291241
0
0
0
0
0.764847
0
0
0
0
0
0
0
0
0
0
0
0
0
0
0
0
0
0
0
0
0
0
0
0
0
0
0
0
0
0
0
0
0
0
0
0
0
0
0
0
0
0
0
0
0
0
0
0
0
0
0
0
0
0
0
0
0
0
0
0
0
0
0
0
0
0
0
0
0
0
0
0
0
0
0
0
0
0
0
0
0
0
0
0
0
0
0
0
0
0
0
0
0
0
0
0
0
0
0
0
0
0
0
0
0
0
0
0
0
0
0
0
0
0
0
0
0
0
0
0
0
0
0
0
0
0
0
0
0
0
0
0
0
0
0
0
0
0
0
0
0.695534
0
0
0
0
0
0
0.195599
0
0
0
0
0
0
0
0
0
0
0.136749
0
0.354941
0
0
0
0.350581
0
0
0
0
0
0.166822
0
0
0
0
0
0
0
0
0
0
0
0
0
0
0
0
0
0
0
0.821939
0
0
0
0.333589
0
0
0
0
0
0
0
0
0
0
0
0
0
0.201043
0
0
0
0
0
0
0
0.593182
0
0
0
0
0
0
0
0
0
0
0
0
0
0
0
0
0
0
0
0
0
0
0
0
0
0
0
0
0
0
0
0
0
0
0
0
0
0
0
0
0
0
0
0
0
0
0
0
0
0
0
0
0
0
0
0
0
0
0
0
0
0
0
0
0
0
0
0
0
0
0
0
0
0
0
0
0
0
0
0
0
0
0
0
0
0
0
0
0
0
0
0
0
0
0
0
0
0
0
0
0
0
0
0
0
0.61119
0
0
0
0
0.778838
0
0
0
0
0
0
0
0
0
0
0
0
0
0
0
0.567611
0
0
0
0.59943
0
0
0
0
0
0
0
0
0
0.939942
0
0
0
0
0.34618
0
0
0
0
0
0
0
0.277726
0
0
0
0
0
0
0
0
0
0
0
0
0
0
0
0
0
0
0.554219
0
0
0
0
0
0
0
0.15105
0
0
0
0
0
0
0
0.163053
0
0
0
0
0
0
0
0
0
0
0
0
0
0
0
0
0
0
0
0
0
0
0
0
0
0
0
0
0
0
0
0
0
0
0
0
0
0
0
0
0
0
0
0
0
0
0
0
0
0
0
0
0
0
0
0
0
0
0
0
0
0
0
0
0
0
0
0
0
0
0
0
0
0
0
0
0
0
0
0
0
0
0
0
0
0
0
0
0
0
0
0
0
0
0
0
0
0
0
0
0
0
0
0
0
0
0
0
0
0
0
0
0
0
0
0
0
0.304979
0.342722
0
0
0
0
0
0
0
0
0
0
0
0
0
0
0
0
0
0
0
0
0.464322
0
0
0
0.76853
0.991627
0
0
0
0
0
0
0
0
0
0
0
0
0.423497
0
0
0
0
0
0
0.00755846
0
0
0
0
0
0
0
0
0
0
0
0
0
0
0
0
0
0.884326
0
0
0.0166081
0
0
0
0
0
0.99151
0
0
0
0
0
0
0
0
0
0
0
0
0
0
0
0
0
0
0
0
0
0
0
0
0
0
0
0
0
0
0
0
0
0
0
0
0
0
0
0
0
0
0
0
0
0
0
0
0
0
0
0
0
0
0
0
0
0
0
0
0
0
0
0
0
0
0
0
0
0
0
0
0
0
0
0
0
0
0
0
0
0
0
0
0
0
0
0
0
0
0
0
0
0
0
0
0
0
0
0
0
0
0
0
0
0
0
0
0
0
0
0
0
0
0
0
0
0
0
0
0
0.0166835
0
0
0
0
0
0
0
0
0
0
0
0
0
0
0
0
0
0
0
0
0
0
0
0
0
0
0
0
0
0
0
0
0
0.179732
0
0
0
0
0
0
0
0
0
0
0
0
0
0.208846
0.749579
0
0
0
0
0
0
0
0
0
0
0
0.0568558
0.972944
0
0
0
0.908256
0
0
0
0
0
0
0.0415687
0
0
0
0
0
0
0
0
0.0233518
0
0
0
0
0
0.263361
0
0
0
0
0
0
0
0
0
0
0
0
0
0
0
0
0
0
0
0
0
0
0
0
0
0
0
0
0
0
0
0
0
0
0
0
0
0
0
0
0
0
0
0
0
0
0
0
0
0
0
0
0
0
0
0
0
0
0
0
0
0
0
0
0
0
0
0
0
0
0
0
0
0
0
0
0
0
0
0
0
0
0
0
0
0
0
0
0
0
0
0
0
0
0
0
0
0
0
0
0
0
0
0
0
0
0
0
0
0
0
0
0
0
0
0
0
0.137551
0
0
0
0
0
0
0
0
0
0
0
0
0
0
0
0
0
0
0
0
0
0
0
0
0
0.57346
0
0
0
0
0
0
0
0
0
0
0
0
0
0
0
0.667564
0
0
0
0
0
0
0.168327
0.711192
0.901297
0
0
0
0
0
0
0
0
0.455665
0
0
0
0
0
0
0
0
0
0
0
0
0.657432
0
0
0
0
0
0
0
0.0963661
0
0
0
0
0.33977
0
0
0
0
0
0
0
0
0
0
0
0
0
0
0
0
0
0
0
0
0
0
0
0
0
0
0
0
0
0
0
0
0
0
0
0
0
0
0
0
0
0
0
0
0
0
0
0
0
0
0
0
0
0
0
0
0
0
0
0
0
0
0
0
0
0
0
0
0
0
0
0
0
0
0
0
0
0
0
0
0
0
0
0
0
0
0
0
0
0
0
0
0
0
0
0
0
0
0
0
0
0
0
0
0
0
0
0
0.32471
0
0
0
0
0
0
0
0
0
0
0
0
0
0
0
0
0.153599
0
0
0
0
0
0
0
0
0.818611
0
0
0
0
0
0
0
0
0
0
0
0
0
0.0701359
0
0
0
0
0.140125
0.673333
0
0
0
0
0
0
0
0
0
0
0.853095
0
0.11542
0
0.587687
0
0
0
0
0
0
0
0
0
0
0
0.142732
0
0
0
0
0
0
0
0
0
0
0
0
0
0
0
0
0
0
0
0
0
0
0
0
0
0
0
0
0
0
0
0
0
0
0
0
0
0
0
0
0
0
0
0
0
0
0
0
0
0
0
0
0
0
0
0
0
0
0
0
0
0
0
0
0
0
0
0
0
0
0
0
0
0
0
0
0
0
0
0
0
0
0
0
0
0
0
0
0
0
0
0
0
0
0
0
0
0
0
0
0
0
0
0
0
0
0
0
0
0
0
0
0
0
0
0
0
0
0
0
0
0
0
0
0
0
0
0
0
0
0
0
0
0
0
0
0
0
0
0
0
0
0
0
0.413791
0
0
0
0
0
0.560373
0
0.0114753
0
0
0
0
0
0
0
0.511572
0
0
0
0
0
0
0
0
0.55096
0.878762
0
0
0.267393
0
0.893453
0
0
0
0
0
0
0
0
0.541926
0
0
0
0
0
0
0
0
0
0
0
0
0
0
0.658384
0
0
0
0
0
0
0
0
0
0
0
0
0
0
0
0
0
0
0
0
0
0
0
0
0
0
0
0
0
0
0
0
0
0
0
0
0
0
0
0
0
0
0
0
0
0
0
0
0
0
0
0
0
0
0
0
0
0
0
0
0
0
0
0
0
0
0
0
0
0
0
0
0
0
0
0
0
0
0
0
0
0
0
0
0
0
0
0
0
0
0
0
0
0
0
0
0
0
0
0
0
0
0
0
0
0
0
0
0
0
0
0
0
0
0
0
0
0
0
0
0
0
0
0
0
0
0
0.870417
0
0
0
0
0
0
0.443878
0.746602
0
0
0
0
0
0
0
0
0
0
0
0
0
0
0
0
0
0
0
0
0
0
0
0
0
0
0
0
0
0
0
0
0
0
0
0
0
0
0
0.998647
0
0
0
0.118898
0
0
0.935424
0
0
0
0
0
0.0934459
0
0
0
0
0
0
0
0.827556
0
0
0
0
0
0
0
0
0.155268
0
0
0
0
0
0
0
0
0
0
0
0
0
0
0
0
0.910171
0
0
0
0
0
0
0
0
0
0
0
0
0
0
0
0
0
0
0
0
0
0
0
0
0
0
0
0
0
0
0
0
0
0
0
0
0
0
0
0
0
0
0
0
0
0
0
0
0
0
0
0
0
0
0
0
0
0
0
0
0
0
0
0
0
0
0
0
0
0
0
0
0
0
0
0
0
0
0
0
0
0
0
0
0
0
0
0
0
0
0
0
0
0
0
0
0
0
0
0
0
0
0
0
0
0
0
0
0.683364
0
0
0
0
0
0.453778
0
0
0
0
0
0
0
0.157598
0
0
0
0
0
0
0
0
0
0
0
0
0.9375
0.741774
0.961799
0
0
0
0
0
0
0
0
0
0
0
0
0
0.700079
0
0
0
0.0853567
0
0
0
0
0
0
0
0
0
0
0
0
0
0
0
0.330383
0
0
0
0
0
0
0
0
0
0
0
0
0
0
0
0
0
0
0
0
0
0
0.00857456
0
0
0
0
0
0
0
0
0
0
0
0
0
0
0
0
0
0
0
0
0
0
0
0
0
0
0
0
0
0
0
0
0
0
0
0
0
0
0
0
0
0
0
0
0
0
0
0
0
0
0
0
0
0
0
0
0
0
0
0
0
0
0
0
0
0
0
0
0
0
0
0
0
0
0
0
0
0
0
0
0
0
0
0
0
0
0
0
0
0
0
0
0
0
0
0
0
0
0
0
0
0
0
0
0
0.910021
0
0
0.277449
0
0
0
0
0
0
0
0
0
0
0
0
0.149554
0
0
0
0.659544
0
0
0
0
0
0
0
0
0
0.417829
0
0
0
0
0
0
0
0
0
0
0
0
0
0
0
0
0
0
0
0
0
0
0
0
0
0
0
0
0.137994
0
0
0
0
0
0
0
0
0.274139
0
0
0
0
0
0
0
0
0
0
0
0
0.495055
0
0.218599
0
0
0
0
0
0
0
0
0
0
0
0
0
0
0
0.0579204
0
0
0
0
0
0
0
0
0
0
0
0
0
0
0
0
0
0
0
0
0
0
0
0
0
0
0
0
0
0
0
0
0
0
0
0
0
0
0
0
0
0
0
0
0
0
0
0
0
0
0
0
0
0
0
0
0
0
0
0
0
0
0
0
0
0
0
0
0
0
0
0
0
0
0
0
0
0
0
0
0
0
0
0
0
0
0
0
0
0
0
0
0
0
0
0
0
0
0
0
0
0
0
0
0
0.0357631
0
0
0
0.0575793
0
0
0
0
0
0
0
0
0
0
0.198763
0
0
0
0
0
0
0
0
0
0
0
0
0
0.319658
0
0
0
0
0
0
0
0
0
0
0
0
0
0
0.872594
0
0
0
0.878365
0
0
0
0
0.434027
0
0
0
0
0
0
0.238187
0
0
0
0
0
0
0
0.886422
0
0
0
0
0
0
0
0.414575
0
0
0
0
0
0
0
0
0
0
0
0
0
0
0
0
0
0
0
0
0
0
0
0
0
0
0
0
0
0
0
0
0
0
0
0
0
0
0
0
0
0
0
0
0
0
0
0
0
0
0
0
0
0
0
0
0
0
0
0
0
0
0
0
0
0
0
0
0
0
0
0
0
0
0
0
0
0
0
0
0
0
0
0
0
0
0
0
0
0
0
0
0
0
0
0
0
0
0
0
0
0
0
0
0
0
0
0
0
0
0
0
0
0
0
0
0
0
0
0
0
0
0
0
0
0.0261398
0
0
0
0
0
0
0
0
0
0.909705
0
0.429543
0
0
0
0
0
0
0.0784457
0
0
0.991294
0
0.221428
0
0
0
0
0
0
0
0
0.51232
0
0
0
0
0
0
0
0
0
0
0
0
0
0.45441
0
0
0
0
0
0
0
0
0
0
0
0
0
0.19339
0
0
0
0
0.30464
0
0
0
0
0
0
0
0
0
0
0
0
0
0
0
0
0
0
0
0
0
0
0
0
0
0
0
0
0
0
0
0
0
0
0
0
0
0
0
0
0
0
0
0
0
0
0
0
0
0
0
0
0
0
0
0
0
0
0
0
0
0
0
0
0
0
0
0
0
0
0
0
0
0
0
0
0
0
0
0
0
0
0
0
0
0
0
0
0
0
0
0
0
0
0
0
0
0
0
0
0
0
0
0
0
0
0
0
0
0
0
0
0
0
0
0
0
0
0
0
0
0
0
0
0
0
0.799809
0
0
0
0
0
0
0
0
0
0
0
0
0
0
0
0
0
0
0
0
0
0
0
0.927462
0
0
0
0.937787
0.00668888
0
0
0
0
0
0
0
0
0.762078
0
0
0
0
0
0
0
0
0
0
0
0
0
0.61423
0
0
0
0.914101
0
0
0
0
0
0
0
0
0
0
0
0
0
0
0
0
0
0
0
0
0
0
0
0
0
0.982595
0
0
0
0
0
0.131038
0
0
0
0
0
0
0
0.136699
0
0
0
0
0
0
0
0
0
0
0
0
0
0
0
0
0
0
0
0
0
0
0
0
0
0
0
0
0
0
0
0
0
0
0
0
0
0
0
0
0
0
0
0
0
0
0
0
0
0
0
0
0
0
0
0
0
0
0
0
0
0
0
0
0
0
0
0
0
0
0
0
0
0
0
0
0
0
0
0
0
0
0
0
0
0
0
0
0
0
0
0
0
0
0
0
0
0
0
0
0
0
0
0.711785
0
0
0
0
0
0
0
0
0
0
0
0
0
0.649539
0
0
0
0
0
0
0
0
0.61758
0
0
0
0
0
0
0
0
0
0
0
0
0
0
0
0.0294364
0.416555
0
0
0
0
0
0
0
0
0
0
0
0
0
0
0
0
0
0
0
0.400742
0
0
0
0
0
0
0
0
0
0
0
0
0
0
0
0
0
0
0
0
0
0.657183
0
0
0
0.947274
0.176922
0
0.30134
0
0
0
0
0
0
0
0
0
0
0
0
0
0
0
0
0
0
0
0
0
0
0
0
0
0
0
0
0
0
0
0
0
0
0
0
0
0
0
0
0
0
0
0
0
0
0
0
0
0
0
0
0
0
0
0
0
0
0
0
0
0
0
0
0
0
0
0
0
0
0
0
0
0
0
0
0
0
0
0
0
0
0
0
0
0
0
0
0
0
0
0
0
0
0
0
0
0
0
0
0
0
0
0
0
0
0
0
0
0
0
0
0
0
0
0
0
0
0.987337
0.341784
0
0
0
0
0
0
0
0
0.865754
0
0
0
0
0
0
0.679685
0
0
0
0
0
0
0.0434679
0
0
0
0
0
0
0
0
0
0
0
0
0
0
0
0.871784
0
0
0
0
0
0
0.495656
0
0
0
0
0
0
0
0
0
0
0
0
0
0
0
0
0
0
0
0.245033
0
0
0
0
0
0.211486
0
0
0
0
0.396303
0
0
0
0
0
0
0
0
0
0
0
0
0
0
0
0
0
0
0
0
0
0
0
0
0
0
0
0
0
0
0
0
0
0
0
0
0
0
0
0
0
0
0
0
0
0
0
0
0
0
0
0
0
0
0
0
0
0
0
0
0
0
0
0
0
0
0
0
0
0
0
0
0
0
0
0
0
0
0
0
0
0
0
0
0
0
0
0
0
0
0
0
0
0
0
0
0
0
0
0
0
0
0
0
0
0
0
0
0
0
0
0
0
0
0
0.410514
0
0
0
0
0
0
0
0
0
0
0
0
0
0
0
0
0
0
0
0
0
0
0
0.0393664
0
0
0
0
0
0
0
0
0
0
0
0
0
0
0
0
0
0
0.845882
0
0
0
0
0.270572
0
0
0
0
0.610716
0
0
0
0
0
0
0
0
0
0
0
0
0
0
0
0
0
0
0.776148
0
0
0
0
0.601992
0
0
0
0.523076
0.62746
0
0
0
0
0
0
0
0
0
0
0.134709
0
0
0
0
0
0
0
0
0
0
0
0
0
0
0
0
0
0
0
0
0
0
0
0
0
0
0
0
0
0
0
0
0
0
0
0
0
0
0
0
0
0
0
0
0
0
0
0
0
0
0
0
0
0
0
0
0
0
0
0
0
0
0
0
0
0
0
0
0
0
0
0
0
0
0
0
0
0
0
0
0
0
0
0
0
0
0
0
0
0
0
0
0
0
0
0
0
0
0
0
0
0
0
0
0
0
0.170572
0
0
0
0
0
0
0
0
0
0
0
0
0
0
0
0
0
0
0
0
0.592807
0
0
0.382118
0
0
0
0
0
0
0
0
0.704612
0
0
0.475128
0
0
0.842466
0
0
0
0
0
0
0
0
0
0
0
0
0
0
0.306876
0
0
0
0
0
0
0
0
0
0
0
0
0
0
0
0
0
0
0
0
0
0
0
0.755504
0
0.512367
0
0
0
0
0
0
0
0
0
0
0
0
0
0
0.380946
0
0
0
0
0
0
0
0
0
0
0
0
0
0
0
0
0
0
0
0
0
0
0
0
0
0
0
0
0
0
0
0
0
0
0
0
0
0
0
0
0
0
0
0
0
0
0
0
0
0
0
0
0
0
0
0
0
0
0
0
0
0
0
0
0
0
0
0
0
0
0
0
0
0
0
0
0
0
0
0
0
0
0
0
0
0
0
0
0
0
0
0
0
0
0
0
0
0
0
0
0
0
0
0
0
0
0
0
0
0
0
0
0
0
0
0
0.836945
0
0
0
0
0.60042
0
0
0
0
0.15615
0
0
0.748597
0
0
0
0
0
0
0
0
0
0
0
0
0
0
0
0
0.541874
0
0
0
0
0
0
0
0
0
0
0
0
0
0.153239
0
0
0
0.896313
0
0
0
0.638999
0
0
0.730571
0
0
0
0
0
0
0
0
0
0
0
0
0.428936
0
0
0
0
0
0
0
0
0
0
0
0
0
0
0
0
0
0
0
0
0
0
0
0
0
0
0
0
0
0
0
0
0
0
0
0
0
0
0
0
0
0
0
0
0
0
0
0
0
0
0
0
0
0
0
0
0
0
0
0
0
0
0
0
0
0
0
0
0
0
0
0
0
0
0
0
0
0
0
0
0
0
0
0
0
0
0
0
0
0
0
0
0
0
0
0
0
0
0
0
0
0
0
0
0
0
0
0
0
0
0
0
0
0
0
0
0
0.584488
0
0
0
0
0
0
0
0
0
0
0
0.386217
0
0
0
0
0
0
0
0.213305
0
0
0
0
0
0
0
0
0
0
0
0
0
0
0
0
0
0
0
0
0
0
0
0
0
0
0.788284
0
0.740311
0.151692
0
0
0
0
0
0
0
0
0
0
0
0.0929579
0
0
0
0
0
0
0
0
0
0
0
0.259718
0
0
0
0
0
0
0
0
0
0
0
0
0
0
0
0
0.858681
0
0
0
0
0
0
0.00968077
0
0
0
0
0
0
0
0
0
0
0
0
0
0
0
0
0
0
0
0
0
0
0
0
0
0
0
0
0
0
0
0
0
0
0
0
0
0
0
0
0
0
0
0
0
0
0
0
0
0
0
0
0
0
0
0
0
0
0
0
0
0
0
0
0
0
0
0
0
0
0
0
0
0
0
0
0
0
0
0
0
0
0
0
0
0
0
0
0
0
0
0
0
0
0
0
0
0
0
0
0
0
0
0
0
0
0
0
0
0
0
0
0
0
0
0
0.937356
0
0
0
0
0
0
0
0
0
0
0
0
0
0
0
0
0
0.42463
0
0
0
0
0
0
0
0
0
0
0
0.678614
0
0
0
0
0.483548
0
0
0
0
0
0
0
0.609309
0
0.0648771
0
0
0
0
0
0
0
0
0
0
0
0
0.129825
0
0
0
0
0
0
0
0
0
0
0.864901
0
0
0
0
0
0.0956046
0
0.986516
0
0
0
0
0
0
0
0
0
0
0
0
0
0
0
0
0
0
0
0
0
0
0
0
0
0
0
0
0
0
0
0
0
0
0
0
0
0
0
0
0
0
0
0
0
0
0
0
0
0
0
0
0
0
0
0
0
0
0
0
0
0
0
0
0
0
0
0
0
0
0
0
0
0
0
0
0
0
0
0
0
0
0
0
0
0
0
0
0
0
0
0
0
0
0
0
0
0
0
0
0
0
0
0
0
0
0
0
0
0
0
0.546559
0
0
0
0
0
0
0
0
0
0
0
0
0
0
0
0
0
0.974096
0
0
0
0
0
0
0
0
0
0
0
0
0
0
0
0
0
0
0.224621
0
0
0
0
0
0
0
0
0
0.564028
0
0
0
0
0
0
0
0
0
0
0
0.966391
0
0
0
0.673412
0
0.193858
0.853998
0
0
0
0.362016
0
0
0
0
0
0
0
0.686424
0
0
0
0
0
0
0
0
0
0
0
0
0
0
0
0
0
0
0
0
0
0
0
0
0
0
0
0
0
0
0
0
0
0
0
0
0
0
0
0
0
0
0
0
0
0
0
0
0
0
0
0
0
0
0
0
0
0
0
0
0
0
0
0
0
0
0
0
0
0
0
0
0
0
0
0
0
0
0
0
0
0
0
0
0
0
0
0
0
0
0
0
0
0
0
0
0
0
0
0
0
0
0
0
0
0
0
0
0
0
0
0
0
0
0
0
0
0
0
0
0
0
0
0
0
0
0
0
0.817799
0
0
0
0
0
0
0
0
0
0
0
0
0
0
0.372616
0
0.195615
0
0
0
0
0
0
0
0
0.64387
0
0
0
0
0
0
0
0
0
0
0.613068
0
0
0
0
0
0
0
0
0
0
0
0
0.469651
0
0.773896
0
0
0
0.313189
0
0
0
0
0
0
0
0.209858
0
0.416327
0
0
0
0
0
0
0
0
0
0
0
0
0
0
0
0
0
0
0
0
0
0
0
0
0
0
0
0
0
0
0
0
0
0
0
0
0
0
0
0
0
0
0
0
0
0
0
0
0
0
0
0
0
0
0
0
0
0
0
0
0
0
0
0
0
0
0
0
0
0
0
0
0
0
0
0
0
0
0
0
0
0
0
0
0
0
0
0
0
0
0
0
0
0
0
0
0
0
0
0
0
0
0
0
0
0
0
0
0
0
0
0
0
0
0
0
0
0
0
0
0
0
0
0.576362
0
0
0
0
0
0
0
0
0
0
0
0
0
0
0
0
0.640527
0
0
0
0
0.873184
0
0
0
0
0
0
0
0
0
0
0
0
0
0
0
0
0
0
0
0
0
0
0
0
0
0
0
0
0
0
0
0
0
0
0
0
0.831404
0
0
0.536256
0
0
0
0
0
0
0.857094
0
0
0
0
0
0
0
0
0
0
0.98685
0.290319
0
0
0
0
0
0
0
0
0.111068
0
0
0
0
0
0
0.0795719
0
0
0
0
0
0
0
0
0
0
0
0
0
0
0
0
0
0
0
0
0
0
0
0
0
0
0
0
0
0
0
0
0
0
0
0
0
0
0
0
0
0
0
0
0
0
0
0
0
0
0
0
0
0
0
0
0
0
0
0
0
0
0
0
0
0
0
0
0
0
0
0
0
0
0
0
0
0
0
0
0
0
0
0
0
0
0
0
0
0
0
0
0
0
0
0
0
0
0
0
0
0
0
0
0
0
0
0
0
0
0
0
0
0
0.665962
0
0
0
0
0.794505
0.333104
0
0
0
0
0
0
0
0
0
0
0
0
0
0
0
0
0
0
0
0
0
0
0
0
0
0
0
0
0
0
0.67535
0
0
0
0.25807
0
0
0
0
0.238347
0
0
0
0
0
0
0
0
0
0
0
0
0
0
0
0
0
0
0
0.81029
0
0
0
0.112068
0
0
0.825076
0.969727
0
0
0
0
0
0
0
0
0
0
0
0
0
0
0
0
0
0
0
0
0
0
0
0
0
0
0
0
0
0
0
0
0
0
0
0
0
0
0
0
0
0
0
0
0
0
0
0
0
0
0
0
0
0
0
0
0
0
0
0
0
0
0
0
0
0
0
0
0
0
0
0
0
0
0
0
0
0
0
0
0
0
0
0
0
0
0
0
0
0
0
0
0
0
0
0
0
0
0
0
0
0
0
0
0
0
0
0
0
0
0
0
0
0
0
0
0.512976
0
0
0
0
0
0
0
0
0
0
0
0
0
0
0
0
0
0
0
0
0
0
0.101222
0
0
0
0
0
0
0
0
0
0
0
0.515513
0
0
0
0.245883
0
0
0.0929261
0
0
0.409692
0
0
0
0
0
0
0
0
0.0836232
0
0
0
0
0
0
0
0
0
0
0
0
0
0
0
0
0
0
0
0
0
0
0
0
0
0
0
0
0
0.712174
0
0
0
0
0
0
0.495166
0.193624
0
0
0
0
0
0
0
0
0
0
0
0
0
0
0
0
0
0
0
0
0
0
0
0
0
0
0
0
0
0
0
0
0
0
0
0
0
0
0
0
0
0
0
0
0
0
0
0
0
0
0
0
0
0
0
0
0
0
0
0
0
0
0
0
0
0
0
0
0
0
0
0
0
0
0
0
0
0
0
0
0
0
0
0
0
0
0
0
0
0
0
0
0
0
0
0
0
0
0
0
0
0
0
0
0
0
0
0
0
0
0
0
0.78084
0
0
0
0
0
0
0
0
0
0
0
0
0
0
0
0.379725
0
0
0
0
0
0
0
0
0
0
0
0
0
0.468451
0
0
0
0.382395
0
0
0
0
0.195354
0
0
0
0
0
0
0
0
0
0
0
0
0
0
0
0
0.707885
0
0
0.423848
0
0
0.186573
0
0
0
0
0
0
0
0
0
0
0
0
0
0
0
0
0.959327
0.753999
0
0
0
0
0
0
0
0
0
0
0
0
0
0
0
0
0
0
0
0
0
0
0
0
0
0
0
0
0
0
0
0
0
0
0
0
0
0
0
0
0
0
0
0
0
0
0
0
0
0
0
0
0
0
0
0
0
0
0
0
0
0
0
0
0
0
0
0
0
0
0
0
0
0
0
0
0
0
0
0
0
0
0
0
0
0
0
0
0
0
0
0
0
0
0
0
0
0
0
0
0
0
0
0
0
0
0
0
0
0
0
0
0
0
0
0
0
0
0
0
0.482281
0
0
0
0
0
0
0.687648
0
0
0
0
0
0
0
0
0
0
0
0
0
0
0
0
0
0
0
0.920344
0
0
0
0
0
0
0
0
0
0.63262
0
0
0
0
0
0
0
0
0
0
0
0
0
0
0
0.989917
0
0
0.433218
0
0
0
0
0
0.35308
0
0
0
0
0.593681
0
0
0.502142
0
0
0
0
0
0
0
0
0.554485
0
0
0
0
0
0
0
0
0
0
0
0
0
0
0
0
0
0
0
0
0
0
0
0
0
0
0
0
0
0
0
0
0
0
0
0
0
0
0
0
0
0
0
0
0
0
0
0
0
0
0
0
0
0
0
0
0
0
0
0
0
0
0
0
0
0
0
0
0
0
0
0
0
0
0
0
0
0
0
0
0
0
0
0
0
0
0
0
0
0
0
0
0
0
0
0
0
0
0
0
0
0
0
0
0
0
0
0
0
0
0
0
0
0
0
0
0
0
0
0
0
0
0
0.146584
0
0
0
0
0
0
0
0
0
0
0
0
0
0
0
0
0.840988
0.959297
0
0
0
0
0
0
0
0
0
0.957944
0
0
0
0
0
0
0
0
0
0.64932
0
0
0
0
0
0
0.701248
0
0
0
0
0
0
0
0
0
0
0
0
0
0
0.59722
0
0
0
0
0
0
0
0
0
0
0
0
0
0.629353
0.646904
0
0
0
0
0
0
0.455178
0
0
0
0
0
0
0
0
0
0
0
0
0
0
0
0
0
0
0
0
0
0
0
0
0
0
0
0
0
0
0
0
0
0
0
0
0
0
0
0
0
0
0
0
0
0
0
0
0
0
0
0
0
0
0
0
0
0
0
0
0
0
0
0
0
0
0
0
0
0
0
0
0
0
0
0
0
0
0
0
0
0
0
0
0
0
0
0
0
0
0
0
0
0
0
0
0
0
0
0
0
0
0
0
0.111199
0
0
0
0
0
0.938136
0
0
0
0
0
0
0.949392
0
0
0
0
0
0
0
0
0
0
0
0
0.68215
0
0
0
0
0
0
0.109712
0
0
0
0
0
0.153188
0
0
0
0
0
0
0.962689
0
0
0
0
0
0
0
0
0
0
0
0
0
0.552933
0
0
0
0
0
0
0.274613
0.924977
0
0
0
0
0
0
0
0
0
0
0
0
0
0
0
0
0
0
0
0
0
0
0
0
0
0
0
0
0
0
0
0
0
0
0
0
0
0
0
0
0
0
0
0
0
0
0
0
0
0
0
0
0
0
0
0
0
0
0
0
0
0
0
0
0
0
0
0
0
0
0
0
0
0
0
0
0
0
0
0
0
0
0
0
0
0
0
0
0
0
0
0
0
0
0
0
0
0
0
0
0
0
0
0
0
0
0
0
0
0
0
0
0
0
0
0
0
0
0
0
0
0
0
0
0
0
0
0
0
0
0
0.728052
0
0
0
0
0
0
0
0
0
0
0
0
0
0
0
0
0
0
0
0
0.342813
0
0
0
0
0.189624
0
0
0
0
0.958118
0
0
0
0
0.17335
0
0
0
0
0
0
0
0
0
0
0
0
0
0
0
0
0
0
0
0
0
0
0
0
0.116718
0
0
0
0
0
0.488806
0
0
0.871467
0
0
0
0
0
0
0.289962
0
0
0
0
0
0
0
0
0
0
0
0
0
0
0
0
0.144297
0
0
0
0
0
0
0
0
0
0
0
0
0
0
0
0
0
0
0
0
0
0
0
0
0
0
0
0
0
0
0
0
0
0
0
0
0
0
0
0
0
0
0
0
0
0
0
0
0
0
0
0
0
0
0
0
0
0
0
0
0
0
0
0
0
0
0
0
0
0
0
0
0
0
0
0
0
0
0
0
0
0
0
0
0
0
0
0
0
0
0
0
0
0
0
0
0
0
0
0
0
0
0
0
0
0
0
0
0
0
0
0
0
0
0
0.908509
0
0
0
0
0
0
0
0.269979
0
0
0
0
0.94305
0
0
0.650871
0
0
0
0
0
0
0
0
0
0.0632861
0
0
0
0
0
0
0
0
0
0
0
0.756404
0
0
0
0
0
0.570968
0
0
0
0
0.190106
0
0
0
0
0
0
0
0
0
0.539319
0
0
0
0
0
0
0
0
0
0
0
0.133003
0
0
0
0
0
0
0
0
0
0
0
0
0
0
0
0
0
0
0
0
0
0
0
0
0
0
0
0
0
0
0
0
0
0
0
0
0
0
0
0
0
0
0
0
0
0
0
0
0
0
0
0
0
0
0
0
0
0
0
0
0
0
0
0
0
0
0
0
0
0
0
0
0
0
0
0
0
0
0
0
0
0
0
0
0
0
0
0
0
0
0
0
0
0
0
0
0
0
0
0
0
0
0
0
0
0
0
0
0
0
0
0
0
0
0
0
0
0
0
0
0.0787499
0
0
0.240745
0
0
0.59525
0
0
0
0
0
0
0
0
0
0
0
0
0.196381
0
0.296349
0
0
0
0
0
0
0
0
0
0
0
0.977876
0
0
0
0
0
0.616166
0
0
0
0
0.232476
0
0
0
0
0
0
0
0
0
0
0
0
0
0
0
0
0
0
0.936896
0
0
0
0
0
0
0
0
0
0
0
0
0
0
0
0
0
0
0
0
0
0.200934
0
0
0
0
0
0
0
0
0
0
0
0
0
0
0
0
0
0
0
0
0
0
0
0
0
0
0
0
0
0
0
0
0
0
0
0
0
0
0
0
0
0
0
0
0
0
0
0
0
0
0
0
0
0
0
0
0
0
0
0
0
0
0
0
0
0
0
0
0
0
0
0
0
0
0
0
0
0
0
0
0
0
0
0
0
0
0
0
0
0
0
0
0
0
0
0
0
0
0
0
0
0
0
0
0
0
0
0
0
0
0
0
0
0
0
0
0
0
0
0
0
0
0
0
0
0
0
0.649304
0
0
0
0
0
0
0.128009
0
0
0
0
0
0
0
0
0
0.0176821
0
0
0
0.394799
0
0
0
0
0
0
0.0050855
0
0
0
0
0
0
0
0
0
0
0
0
0
0
0
0
0
0
0
0.983428
0
0.422004
0.821105
0
0
0.483711
0
0
0
0
0
0
0
0.898895
0
0
0
0
0
0
0
0
0
0
0
0
0
0
0
0
0
0
0
0
0
0
0
0
0
0
0
0
0
0
0
0
0
0
0
0
0
0
0
0
0
0
0
0
0
0
0
0
0
0
0
0
0
0
0
0
0
0
0
0
0
0
0
0
0
0
0
0
0
0
0
0
0
0
0
0
0
0
0
0
0
0
0
0
0
0
0
0
0
0
0
0
0
0
0
0
0
0
0
0
0
0
0
0
0
0
0
0
0
0
0
0
0
0
0
0
0
0
0
0
0
0
0
0
0
0.621426
0
0
0
0
0
0
0
0
0
0
0
0
0.176642
0
0
0
0
0
0
0
0
0
0
0
0
0
0.0578572
0.384419
0
0
0
0
0
0
0
0
0
0
0
0
0
0.323244
0
0
0
0
0
0
0
0
0
0
0
0.861609
0.967524
0.891297
0
0
0
0
0
0
0
0
0
0
0
0
0.394828
0
0
0
0
0.516397
0
0
0
0
0
0
0
0
0
0
0
0
0
0
0
0
0
0
0
0
0
0
0
0
0
0
0
0
0
0
0
0
0
0
0
0
0
0
0
0
0
0
0
0
0
0
0
0
0
0
0
0
0
0
0
0
0
0
0
0
0
0
0
0
0
0
0
0
0
0
0
0
0
0
0
0
0
0
0
0
0
0
0
0
0
0
0
0
0
0
0
0
0
0
0
0
0
0
0
0
0
0
0
0
0
0
0
0
0
0
0
0
0
0
0
0
0
0
0
0
0
0
0
0
0.870542
0
0.181154
0
0
0
0
0
0
0
0
0.609704
0
0
0.453458
0
0
0
0
0
0
0
0
0.0907072
0
0
0
0
0
0
0
0
0
0
0
0
0
0
0
0
0
0.614435
0
0
0
0
0
0
0
0
0
0
0
0
0
0
0
0
0
0
0
0
0
0
0
0
0
0.233954
0.479599
0
0
0
0
0
0
0
0
0
0
0
0.336553
0
0
0
0
0
0
0
0
0
0
0
0.813552
0
0
0
0
0
0
0
0
0
0
0
0
0
0
0
0
0
0
0
0
0
0
0
0
0
0
0
0
0
0
0
0
0
0
0
0
0
0
0
0
0
0
0
0
0
0
0
0
0
0
0
0
0
0
0
0
0
0
0
0
0
0
0
0
0
0
0
0
0
0
0
0
0
0
0
0
0
0
0
0
0
0
0
0
0
0
0
0
0
0
0
0
0
0
0
0
0
0
0
0
0
0
0
0
0
0
0
0.5279
0
0
0
0
0
0
0
0
0
0
0
0
0
0
0
0
0
0
0
0
0
0
0.00286818
0.690263
0
0
0
0
0
0
0
0
0
0
0.859733
0
0
0
0
0
0
0
0
0
0
0
0.611284
0
0
0
0
0
0
0
0
0
0
0
0
0
0
0
0
0
0
0
0
0
0
0
0
0
0
0
0.26069
0
0
0
0.250144
0
0
0
0.464133
0
0
0
0
0
0
0
0
0
0.441322
0
0
0.0780018
0
0
0
0
0
0
0
0
0
0
0
0
0
0
0
0
0
0
0
0
0
0
0
0
0
0
0
0
0
0
0
0
0
0
0
0
0
0
0
0
0
0
0
0
0
0
0
0
0
0
0
0
0
0
0
0
0
0
0
0
0
0
0
0
0
0
0
0
0
0
0
0
0
0
0
0
0
0
0
0
0
0
0
0
0
0
0
0
0
0
0
0
0
0
0
0
0
0
0
0
0
0
0.293196
0.840995
0
0
0
0
0
0
0
0
0
0
0
0
0
0
0.0263063
0
0
0
0
0.401516
0
0
0
0
0
0.980304
0
0
0
0
0
0
0
0
0
0.645551
0
0.0405897
0
0
0
0
0
0
0.884232
0
0
0
0
0
0
0
0.221412
0
0
0
0
0
0
0
0
0
0
0
0
0
0
0
0
0
0
0
0
0
0
0
0
0
0
0
0
0
0
0
0
0.952604
0
0
0
0
0
0
0
0
0
0
0
0
0
0
0
0
0
0
0
0
0
0
0
0
0
0
0
0
0
0
0
0
0
0
0
0
0
0
0
0
0
0
0
0
0
0
0
0
0
0
0
0
0
0
0
0
0
0
0
0
0
0
0
0
0
0
0
0
0
0
0
0
0
0
0
0
0
0
0
0
0
0
0
0
0
0
0
0
0
0
0
0
0
0
0
0
0
0
0
0
0
0
0
0
0
0
0
0
0
0
0
0
0
0
0
0
0
0
0.762761
0
0
0
0
0
0
0
0
0
0.461417
0
0
0
0.247575
0.251747
0
0
0
0
0
0
0
0
0
0
0
0
0
0
0
0
0
0
0.309949
0.420335
0
0
0
0
0
0
0
0
0
0
0
0
0.835881
0
0
0
0
0
0
0
0
0
0
0
0
0
0
0
0
0
0
0
0
0
0
0.143175
0
0
0
0
0.666851
0
0
0
0
0
0
0
0
0
0.297633
0
0
0
0
0
0
0
0
0
0
0
0
0
0
0
0
0
0
0
0
0
0
0
0
0
0
0
0
0
0
0
0
0
0
0
0
0
0
0
0
0
0
0
0
0
0
0
0
0
0
0
0
0
0
0
0
0
0
0
0
0
0
0
0
0
0
0
0
0
0
0
0
0
0
0
0
0
0
0
0
0
0
0
0
0
0
0
0
0
0
0
0
0
0
0
0
0
0
0
0
0
0
0
0
0
0
0
0
0
0
0
0
0
0
0
0
0
0
0
0
0
0
0
0
0.986335
0
0
0
0
0
0
0
0.116782
0.909097
0
0
0
0
0
0
0
0
0
0
0
0
0
0.271558
0
0
0
0
0.644384
0
0.142803
0
0
0
0
0
0
0
0
0
0
0
0
0
0
0
0.778171
0.705782
0
0
0
0
0.485232
0
0
0
0
0
0
0
0
0.608444
0
0
0
0
0
0
0
0
0
0
0
0
0
0
0
0
0
0
0
0
0
0
0
0
0
0
0
0
0
0
0
0
0
0
0
0
0
0
0
0
0
0
0
0
0
0
0
0
0
0
0
0
0
0
0
0
0
0
0
0
0
0
0
0
0
0
0
0
0
0
0
0
0
0
0
0
0
0
0
0
0
0
0
0
0
0
0
0
0
0
0
0
0
0
0
0
0
0
0
0
0
0
0
0
0
0
0
0
0
0
0
0
0
0
0
0
0
0
0
0
0
0
0
0
0
0.994473
0
0
0
0
0
0
0
0
0
0
0
0
0.108525
0
0.0303367
0
0
0
0
0
0.682964
0
0
0
0
0
0
0
0
0
0
0
0
0
0
0
0
0
0
0
0
0
0
0
0
0
0
0
0.384325
0
0
0
0.262124
0
0.023648
0
0
0
0.0994726
0
0
0
0
0
0
0
0
0
0
0
0
0
0
0
0
0
0
0
0
0
0
0.538448
0
0
0
0
0
0
0
0
0.995157
0
0
0
0
0
0
0
0
0
0
0
0
0
0
0
0
0
0
0
0
0
0
0
0
0
0
0
0
0
0
0
0
0
0
0
0
0
0
0
0
0
0
0
0
0
0
0
0
0
0
0
0
0
0
0
0
0
0
0
0
0
0
0
0
0
0
0
0
0
0
0
0
0
0
0
0
0
0
0
0
0
0
0
0
0
0
0
0
0
0
0
0
0
0
0
0
0
0
0
0
0
0
0
0
0
0
0
0
0
0
0
0
0
0
0
0
0
0
0
0
0
0
0
0
0.898699
0
0
0
0
0
0
0
0
0
0
0.675932
0
0
0
0.621965
0
0
0
0
0
0
0
0
0
0.834802
0
0
0
0
0
0
0
0
0.164126
0
0
0.830411
0
0
0
0
0
0
0
0
0
0
0
0
0
0
0
0
0
0
0
0
0
0
0.156617
0
0
0
0
0.188949
0
0
0
0
0
0
0.0967717
0
0
0
0
0.767862
0
0
0
0
0
0
0
0
0
0
0
0
0
0
0
0
0
0
0
0
0
0
0
0
0
0
0
0
0
0
0
0
0
0
0
0
0
0
0
0
0
0
0
0
0
0
0
0
0
0
0
0
0
0
0
0
0
0
0
0
0
0
0
0
0
0
0
0
0
0
0
0
0
0
0
0
0
0
0
0
0
0
0
0
0
0
0
0
0
0
0
0
0
0
0
0
0
0
0
0
0
0
0
0
0
0
0
0
0
0.979283
0
0.778797
0
0
0
0
0.659692
0
0
0
0
0
0
0.263235
0
0
0
0
0
0
0
0
0
0
0
0
0
0
0
0
0
0
0
0
0
0
0
0
0
0
0.228095
0
0
0.981264
0
0
0
0
0
0
0
0
0
0
0
0
0
0
0
0
0
0
0
0
0
0
0
0
0.766488
0
0
0
0
0
0
0
0
0.185764
0
0
0.0153273
0
0
0.873209
0
0
0
0
0
0
0
0
0
0
0
0
0
0
0
0
0
0
0
0
0
0
0
0
0
0
0
0
0
0
0
0
0
0
0
0
0
0
0
0
0
0
0
0
0
0
0
0
0
0
0
0
0
0
0
0
0
0
0
0
0
0
0
0
0
0
0
0
0
0
0
0
0
0
0
0
0
0
0
0
0
0
0
0
0
0
0
0
0
0
0
0
0
0
0
0
0
0
0
0
0
0
0
0
0
0
0
0
0.381346
0
0
0
0
0
0
0
0
0
0
0
0.119956
0
0
0
0
0
0
0
0
0
0
0
0.58601
0
0
0
0
0
0
0.675643
0
0
0
0
0
0
0
0
0
0.528171
0
0
0
0
0
0
0
0
0
0
0.330888
0
0
0
0
0
0
0
0
0
0
0.502238
0
0
0
0
0
0
0
0.606169
0
0
0
0
0
0
0
0
0
0
0
0
0
0
0
0
0
0
0
0
0.662977
0
0
0.417547
0
0
0
0
0
0
0
0
0
0
0
0
0
0
0
0
0
0
0
0
0
0
0
0
0
0
0
0
0
0
0
0
0
0
0
0
0
0
0
0
0
0
0
0
0
0
0
0
0
0
0
0
0
0
0
0
0
0
0
0
0
0
0
0
0
0
0
0
0
0
0
0
0
0
0
0
0
0
0
0
0
0
0
0
0
0
0
0
0
0
0
0
0
0
0
0
0
0
0
0
0
0
0
0
0.891476
0
0
0
0
0
0
0
0.372192
0
0
0
0
0
0
0
0
0
0
0
0
0
0
0
0.841716
0.249297
0
0
0
0
0
0
0
0
0
0
0.797281
0.82379
0
0
0
0
0
0
0
0
0
0
0
0.306825
0.523663
0
0
0
0
0
0
0
0
0
0
0.0983404
0
0
0
0
0
0
0
0
0
0
0
0
0.917497
0
0
0
0
0
0
0
0
0
0
0
0
0
0
0
0
0
0
0
0
0
0
0
0
0
0
0
0
0
0
0
0
0
0
0
0
0
0
0
0
0
0
0
0
0
0
0
0
0
0
0
0
0
0
0
0
0
0
0
0
0
0
0
0
0
0
0
0
0
0
0
0
0
0
0
0
0
0
0
0
0
0
0
0
0
0
0
0
0
0
0
0
0
0
0
0
0
0
0
0
0
0
0
0
0
0
0
0
0
0
0
0
0
0
0
0
0
0
0
0
0
0
0
0
0.0684966
0
0
0
0
0
0
0
0
0
0
0
0
0
0.207065
0
0
0
0
0
0
0
0
0
0
0
0
0
0
0
0
0
0
0
0
0
0.587378
0
0
0
0
0.183201
0.189105
0
0
0
0
0
0
0.935754
0
0
0
0
0
0
0
0
0
0
0
0
0
0
0.832549
0
0
0
0
0
0
0.70243
0
0
0
0
0
0
0
0
0
0
0
0
0
0
0
0
0.249453
0
0
0
0
0
0.782022
0
0
0
0
0
0
0
0
0
0
0
0
0
0
0
0
0
0
0
0
0
0
0
0
0
0
0
0
0
0
0
0
0
0
0
0
0
0
0
0
0
0
0
0
0
0
0
0
0
0
0
0
0
0
0
0
0
0
0
0
0
0
0
0
0
0
0
0
0
0
0
0
0
0
0
0
0
0
0
0
0
0
0
0
0
0
0
0
0
0
0
0
0
0
0
0
0
0
0
0
0
0
0
0
0
0
0
0.822928
0
0
0
0
0
0
0
0
0.295465
0
0
0
0
0
0
0
0
0
0
0
0
0
0
0
0
0
0
0.410065
0
0
0
0
0
0
0
0
0
0
0
0.812112
0
0
0
0
0
0
0
0.583016
0
0
0
0
0.542027
0
0
0
0
0
0
0.0975769
0
0
0
0
0
0
0
0
0
0
0
0
0
0
0
0
0
0
0
0
0.587709
0
0
0
0
0
0.736314
0
0
0.611386
0
0
0
0
0
0
0
0
0
0
0
0
0
0
0
0
0
0
0
0
0
0
0
0
0
0
0
0
0
0
0
0
0
0
0
0
0
0
0
0
0
0
0
0
0
0
0
0
0
0
0
0
0
0
0
0
0
0
0
0
0
0
0
0
0
0
0
0
0
0
0
0
0
0
0
0
0
0
0
0
0
0
0
0
0
0
0
0
0
0
0
0
0
0
0
0
0
0
0
0
0
0
0
0
0
0
0
0.777289
0
0
0.367015
0
0
0
0
0
0
0
0.896702
0
0
0
0
0
0
0
0
0
0
0
0.992181
0
0
0
0
0.461793
0
0.437268
0
0
0.276362
0.11837
0
0
0
0
0
0
0
0
0
0
0
0
0
0
0
0
0
0
0
0
0
0
0
0
0
0
0
0
0
0
0
0
0
0
0
0
0
0
0
0
0
0
0
0
0
0
0
0
0
0
0
0
0
0.882426
0
0
0
0.550845
0
0
0
0
0
0
0
0
0
0
0
0
0
0
0
0
0
0
0
0
0
0
0
0
0
0
0
0
0
0
0
0
0
0
0
0
0
0
0
0
0
0
0
0
0
0
0
0
0
0
0
0
0
0
0
0
0
0
0
0
0
0
0
0
0
0
0
0
0
0
0
0
0
0
0
0
0
0
0
0
0
0
0
0
0
0
0
0
0
0
0
0
0
0
0
0
0
0
0
0
0
0
0
0
0
0
0
0
0
0
0
0
0
0
0
0
0
0
0.987695
0
0
0
0
0
0
0
0.392811
0
0.203515
0
0
0
0
0
0
0
0
0.435336
0
0
0
0
0
0
0
0
0
0
0
0
0
0
0
0
0
0.312785
0
0
0
0
0
0
0
0
0.39567
0.501782
0
0
0
0
0
0
0
0
0
0
0
0
0
0
0
0
0
0
0
0.598068
0
0
0
0
0
0
0.316027
0
0
0
0
0
0
0
0
0
0
0
0.787238
0
0
0
0
0
0
0
0
0
0
0
0
0
0
0
0
0
0
0
0
0
0
0
0
0
0
0
0
0
0
0
0
0
0
0
0
0
0
0
0
0
0
0
0
0
0
0
0
0
0
0
0
0
0
0
0
0
0
0
0
0
0
0
0
0
0
0
0
0
0
0
0
0
0
0
0
0
0
0
0
0
0
0
0
0
0
0
0
0
0
0
0
0
0
0
0
0
0
0
0
0
0
0
0
0
0.232588
0
0
0
0.990203
0
0
0
0
0
0
0.69466
0
0.272359
0
0
0
0
0
0
0
0
0
0
0
0
0
0
0
0
0
0
0
0
0
0.552614
0
0
0
0
0.843691
0
0
0
0
0
0
0
0
0
0
0.877078
0
0
0
0
0
0
0
0
0
0
0
0
0
0
0
0.0465969
0
0
0
0
0
0
0
0
0
0
0
0
0
0
0
0
0
0
0
0
0
0
0.288135
0
0
0
0.815691
0
0
0
0
0
0
0
0
0
0
0
0
0
0
0
0
0
0
0
0
0
0
0
0
0
0
0
0
0
0
0
0
0
0
0
0
0
0
0
0
0
0
0
0
0
0
0
0
0
0
0
0
0
0
0
0
0
0
0
0
0
0
0
0
0
0
0
0
0
0
0
0
0
0
0
0
0
0
0
0
0
0
0
0
0
0
0
0
0
0
0
0
0
0
0
0
0
0
0
0
0
0
0
0
0
0
0
0
0
0
0.800776
0.0340429
0
0.500473
0
0
0
0
0
0.19446
0.677439
0
0
0.903629
0
0
0
0
0
0
0
0
0
0
0
0
0
0
0
0
0
0
0
0
0
0
0
0
0
0
0
0
0
0
0
0
0
0
0
0
0
0
0
0
0
0
0
0
0
0
0
0
0
0
0.346102
0
0.102398
0
0
0
0
0
0
0
0
0
0
0
0
0
0
0
0
0
0
0
0.470328
0
0
0
0
0.584976
0
0
0
0
0
0
0
0
0
0
0
0
0
0
0
0
0
0
0
0
0
0
0
0
0
0
0
0
0
0
0
0
0
0
0
0
0
0
0
0
0
0
0
0
0
0
0
0
0
0
0
0
0
0
0
0
0
0
0
0
0
0
0
0
0
0
0
0
0
0
0
0
0
0
0
0
0
0
0
0
0
0
0
0
0
0
0
0
0
0
0
0
0
0
0
0
0
0
0
0
0
0
0
0
0
0
0
0
0
0.916274
0
0
0
0
0
0
0
0
0
0.168517
0
0
0
0
0
0
0
0
0.655595
0
0
0
0
0.479491
0
0
0.583952
0
0
0
0
0
0
0
0
0
0
0
0
0
0
0
0
0
0
0
0
0
0
0.168895
0
0.533954
0
0
0
0
0
0
0
0
0
0
0
0
0
0.0514356
0.633484
0
0
0
0
0
0
0
0
0
0
0
0
0
0
0
0
0
0
0
0
0
0.670331
0
0
0
0
0
0
0
0
0
0
0
0
0
0
0
0
0
0
0
0
0
0
0
0
0
0
0
0
0
0
0
0
0
0
0
0
0
0
0
0
0
0
0
0
0
0
0
0
0
0
0
0
0
0
0
0
0
0
0
0
0
0
0
0
0
0
0
0
0
0
0
0
0
0
0
0
0
0
0
0
0
0
0
0
0
0
0
0
0
0
0
0
0
0
0
0
0
0
0
0
0
0
0.527191
0
0
0
0
0
0
0
0
0
0
0
0
0
0
0
0
0
0
0
0.542998
0
0
0
0
0
0
0
0
0.288677
0.312245
0
0
0
0
0.684491
0
0
0
0
0
0
0
0
0
0.205602
0
0
0
0
0
0
0
0
0
0.147732
0.50557
0
0
0
0
0
0
0
0
0.382668
0
0
0
0
0
0
0
0
0
0
0
0
0
0
0.384844
0
0
0
0
0
0
0
0
0
0
0
0
0
0
0
0
0
0
0
0
0
0
0
0
0
0
0
0
0
0
0
0
0
0
0
0
0
0
0
0
0
0
0
0
0
0
0
0
0
0
0
0
0
0
0
0
0
0
0
0
0
0
0
0
0
0
0
0
0
0
0
0
0
0
0
0
0
0
0
0
0
0
0
0
0
0
0
0
0
0
0
0
0
0
0
0
0
0
0
0
0
0
0
0
0
0
0
0
0
0
0
0
0
0
0
0
0
0
0
0.690597
0
0.465752
0
0
0
0
0
0
0
0
0
0
0
0
0
0
0.528012
0
0
0
0
0
0
0
0
0
0
0
0
0
0
0
0
0
0
0
0
0
0
0
0
0
0
0
0
0
0
0
0
0
0
0
0
0
0
0
0
0
0.126342
0
0
0
0
0
0
0.751872
0
0.737174
0
0.510027
0
0.921696
0
0
0.255098
0
0
0
0
0
0
0
0
0
0
0
0
0
0
0
0
0
0
0.614509
0
0
0
0
0
0
0
0
0
0
0
0
0
0
0
0
0
0
0
0
0
0
0
0
0
0
0
0
0
0
0
0
0
0
0
0
0
0
0
0
0
0
0
0
0
0
0
0
0
0
0
0
0
0
0
0
0
0
0
0
0
0
0
0
0
0
0
0
0
0
0
0
0
0
0
0
0
0
0
0
0
0
0
0
0
0
0
0
0
0
0
0
0
0
0
0
0
0
0
0
0
0
0
0
0
0
0
0
0
0.656168
0
0
0
0
0
0
0
0
0
0
0
0
0
0
0
0
0
0
0
0
0
0
0.135845
0
0
0
0
0.25214
0
0
0
0.931145
0
0
0
0
0
0
0
0
0
0
0
0
0
0
0
0
0
0
0
0
0
0
0
0
0
0
0
0
0
0.704336
0
0
0
0
0
0.859552
0.309508
0
0
0
0.519871
0
0
0
0
0.388494
0
0.552883
0
0
0
0
0
0
0
0
0
0
0
0
0
0
0
0
0
0
0
0
0
0
0
0
0
0
0
0
0
0
0
0
0
0
0
0
0
0
0
0
0
0
0
0
0
0
0
0
0
0
0
0
0
0
0
0
0
0
0
0
0
0
0
0
0
0
0
0
0
0
0
0
0
0
0
0
0
0
0
0
0
0
0
0
0
0
0
0
0
0
0
0
0
0
0
0
0
0
0
0
0
0
0
0
0
0
0
0
0
0
0
0
0
0
0
0
0
0
0
0
0
0
0
0
0.64913
0.47031
0
0
0
0
0
0
0
0
0.829238
0
0
0
0
0
0
0.414267
0
0
0
0
0
0
0.00966876
0
0.873899
0
0
0
0
0
0
0
0
0
0
0
0
0
0.557895
0
0
0
0
0
0
0
0
0
0.0880079
0
0
0
0
0
0
0
0
0
0
0
0
0.237697
0
0
0
0
0
0
0
0
0
0
0
0
0
0
0
0
0
0
0
0
0
0
0
0.310068
0
0
0
0
0
0
0
0
0
0
0
0
0
0
0
0
0
0
0
0
0
0
0
0
0
0
0
0
0
0
0
0
0
0
0
0
0
0
0
0
0
0
0
0
0
0
0
0
0
0
0
0
0
0
0
0
0
0
0
0
0
0
0
0
0
0
0
0
0
0
0
0
0
0
0
0
0
0
0
0
0
0
0
0
0
0
0
0
0
0
0
0
0
0
0
0
0
0
0
0
0
0
0
0
0
0
0
0
0
0
0.283831
0
0
0
0
0
0.591974
0
0
0.867834
0
0
0
0
0
0
0
0
0
0.261913
0
0
0
0
0
0
0
0
0
0
0
0
0
0
0.178733
0
0
0
0
0
0
0
0
0
0
0
0
0.260394
0
0
0
0
0
0
0
0
0
0
0
0
0
0
0
0
0
0.342791
0
0
0
0
0
0
0.842639
0
0.387532
0
0.160793
0
0
0
0
0
0
0
0
0
0
0
0
0
0
0
0
0
0
0
0
0
0
0
0
0
0
0
0
0
0
0
0
0
0
0
0
0
0
0
0
0
0
0
0
0
0
0
0
0
0
0
0
0
0
0
0
0
0
0
0
0
0
0
0
0
0
0
0
0
0
0
0
0
0
0
0
0
0
0
0
0
0
0
0
0
0
0
0
0
0
0
0
0
0
0
0
0
0
0
0
0
0
0
0
0
0
0
0
0
0
0
0
0
0
0
0
0
0
0.255031
0
0
0
0
0
0
0
0
0
0
0
0
0
0
0
0
0
0
0
0
0
0
0
0
0
0
0
0
0
0
0
0
0
0
0
0
0
0
0
0
0
0
0.739815
0
0
0
0
0
0
0.293693
0
0.171876
0.591427
0
0
0
0
0
0
0
0
0
0
0
0
0
0
0.235851
0
0
0.65336
0
0
0.603932
0
0
0
0
0
0
0
0
0
0
0
0
0
0
0.388966
0
0
0
0
0.0266408
0
0
0
0
0
0
0
0
0
0
0
0
0
0
0
0
0
0
0
0
0
0
0
0
0
0
0
0
0
0
0
0
0
0
0
0
0
0
0
0
0
0
0
0
0
0
0
0
0
0
0
0
0
0
0
0
0
0
0
0
0
0
0
0
0
0
0
0
0
0
0
0
0
0
0
0
0
0
0
0
0
0
0
0
0
0
0
0
0
0
0
0
0
0
0
0
0
0
0
0
0
0
0
0
0
0
0
0
0.911559
0
0
0
0
0.616059
0
0
0
0
0
0
0
0
0
0
0
0
0
0
0
0
0
0
0
0
0
0
0
0
0
0
0
0
0
0.82725
0
0
0
0
0
0
0
0
0
0
0.700466
0
0
0
0
0
0.146724
0
0
0
0
0
0
0
0
0
0
0
0
0.511129
0
0.3193
0
0
0
0
0
0
0
0.349313
0.322345
0
0
0
0
0
0
0
0
0
0
0
0
0
0.930405
0
0
0
0
0
0
0
0
0
0
0
0
0
0
0
0
0
0
0
0
0
0
0
0
0
0
0
0
0
0
0
0
0
0
0
0
0
0
0
0
0
0
0
0
0
0
0
0
0
0
0
0
0
0
0
0
0
0
0
0
0
0
0
0
0
0
0
0
0
0
0
0
0
0
0
0
0
0
0
0
0
0
0
0
0
0
0
0
0
0
0
0
0
0
0
0
0
0
0
0
0
0
0
0
0
0.978786
0
0
0
0
0
0
0
0
0.582305
0.110812
0
0
0
0
0
0.382967
0.269708
0
0.836672
0
0
0
0
0
0
0
0
0
0
0
0
0
0
0
0
0
0
0
0
0
0
0
0
0
0
0
0
0
0
0
0
0
0
0.353542
0
0
0
0
0
0
0
0
0.251655
0
0
0
0
0
0
0
0
0
0
0
0
0
0
0
0
0
0
0.794946
0
0
0
0
0
0
0.35579
0
0
0
0
0
0
0
0
0
0
0
0
0
0
0
0
0
0
0
0
0
0
0
0
0
0
0
0
0
0
0
0
0
0
0
0
0
0
0
0
0
0
0
0
0
0
0
0
0
0
0
0
0
0
0
0
0
0
0
0
0
0
0
0
0
0
0
0
0
0
0
0
0
0
0
0
0
0
0
0
0
0
0
0
0
0
0
0
0
0
0
0
0
0
0
0
0
0
0
0
0
0
0
0
0
0
0
0
0
0
0
0
0
0
0
0
0
0
0
0
0
0
0
0
0
0
0
0
0
0.196547
0.0132802
0.583906
0
0
0
0
0
0
0
0
0
0.180778
0
0
0.643082
0
0
0
0
0
0
0
0
0
0
0.473642
0
0
0.934224
0
0.29826
0
0
0
0
0
0
0
0
0.880375
0
0
0
0
0
0
0
0
0
0
0
0
0
0
0
0
0
0
0
0
0
0
0
0
0
0
0
0
0
0
0
0
0.900745
0
0
0
0
0
0
0
0
0
0
0
0
0
0
0
0
0
0
0
0
0
0
0
0
0
0
0
0
0
0
0
0
0
0
0
0
0
0
0
0
0
0
0
0
0
0
0
0
0
0
0
0
0
0
0
0
0
0
0
0
0
0
0
0
0
0
0
0
0
0
0
0
0
0
0
0
0
0
0
0
0
0
0
0
0
0
0
0
0
0
0
0
0
0
0
0
0
0
0
0
0
0
0
0
0
0
0
0
0
0
0
0
0
0
0
0
0
0
0
0
0
0
0
0
0
0
0
0
0
0.669846
0
0
0
0
0.239179
0
0
0
0
0
0
0
0
0
0
0
0
0
0
0.688862
0
0
0
0
0
0
0
0
0
0
0
0.646865
0
0.0820591
0
0.566573
0
0
0
0
0
0
0
0
0
0.00671987
0
0
0
0
0
0.632028
0
0
0
0
0.865111
0
0
0
0
0
0
0.842714
0
0
0
0
0
0
0
0
0
0
0
0
0
0
0
0
0
0
0
0
0
0
0
0
0
0
0
0
0
0
0
0
0
0
0
0
0
0
0
0
0
0
0
0
0
0
0
0
0
0
0
0
0
0
0
0
0
0
0
0
0
0
0
0
0
0
0
0
0
0
0
0
0
0
0
0
0
0
0
0
0
0
0
0
0
0
0
0
0
0
0
0
0
0
0
0
0
0
0
0
0
0
0
0
0
0
0
0
0
0
0
0
0
0
0
0
0.00520089
0
0
0
0
0
0
0
0
0
0
0
0.51113
0
0.108749
0
0
0
0
0
0
0
0.633451
0
0
0
0
0
0
0
0.0311488
0
0
0
0
0.240687
0
0
0
0
0
0
0
0
0
0
0
0
0
0
0.436621
0
0
0
0
0
0
0
0
0
0
0
0
0
0
0
0
0
0
0
0.320912
0.152315
0
0
0
0
0
0
0
0
0
0
0.44135
0
0
0
0
0
0
0
0
0
0
0
0
0
0
0
0
0
0
0
0
0
0
0
0
0
0
0
0
0
0
0
0
0
0
0
0
0
0
0
0
0
0
0
0
0
0
0
0
0
0
0
0
0
0
0
0
0
0
0
0
0
0
0
0
0
0
0
0
0
0
0
0
0
0
0
0
0
0
0
0
0
0
0
0
0
0
0
0
0
0
0
0
0
0
0
0
0
0
0
0
0
0
0
0
0
0
0
0
0
0
0
0
0
0
0
0
0
0
0
0
0
0
0
0
0.207304
0
0
0
0
0.35482
0
0
0
0
0
0
0
0.456272
0
0
0
0
0
0
0.636873
0
0
0
0
0
0
0
0
0
0
0
0
0
0
0
0
0
0
0
0
0
0
0
0
0.520235
0
0
0
0
0
0
0
0
0
0
0
0
0.528077
0
0
0
0
0
0
0
0
0
0
0
0
0
0
0
0.25405
0
0.275742
0
0
0
0
0
0
0
0.966657
0
0.470468
0
0
0
0
0
0
0
0
0
0
0
0
0
0
0
0
0
0
0
0
0
0
0
0
0
0
0
0
0
0
0
0
0
0
0
0
0
0
0
0
0
0
0
0
0
0
0
0
0
0
0
0
0
0
0
0
0
0
0
0
0
0
0
0
0
0
0
0
0
0
0
0
0
0
0
0
0
0
0
0
0
0
0
0
0
0
0
0
0
0
0
0
0
0
0
0
0
0
0
0
0
0
0
0
0
0
0
0
0
0
0
0
0
0
0
0
0
0.907655
0
0
0
0
0
0
0.93083
0
0.188412
0
0
0
0
0
0.731037
0.172073
0
0
0
0
0
0
0
0
0
0
0
0
0
0
0
0
0
0
0.068651
0
0
0
0
0
0.715476
0
0
0
0
0
0.0259564
0
0
0
0
0
0
0
0
0
0
0
0
0
0
0
0
0
0
0
0
0
0
0
0
0
0
0.11183
0
0
0
0
0
0.770857
0
0
0
0
0
0
0
0
0
0
0
0
0
0
0
0
0
0
0
0
0
0
0
0
0
0
0
0
0
0
0
0
0
0
0
0
0
0
0
0
0
0
0
0
0
0
0
0
0
0
0
0
0
0
0
0
0
0
0
0
0
0
0
0
0
0
0
0
0
0
0
0
0
0
0
0
0
0
0
0
0
0
0
0
0
0
0
0
0
0
0
0
0
0
0
0
0
0
0
0
0
0
0
0
0
0
0
0
0
0
0
0
0.805595
0
0
0
0
0.832405
0
0
0
0
0
0
0
0
0
0
0
0
0
0
0
0
0
0
0.519929
0
0
0
0
0
0
0
0
0
0
0
0
0
0
0
0.904869
0
0
0
0
0
0
0
0
0.131198
0
0
0.530515
0
0
0.0666727
0
0
0
0
0.676641
0
0
0
0.690876
0
0
0
0
0
0
0
0
0
0
0
0
0
0
0
0
0
0.592702
0
0
0
0
0
0
0
0
0
0
0
0
0
0
0
0
0
0
0
0
0
0
0
0
0
0
0
0
0
0
0
0
0
0
0
0
0
0
0
0
0
0
0
0
0
0
0
0
0
0
0
0
0
0
0
0
0
0
0
0
0
0
0
0
0
0
0
0
0
0
0
0
0
0
0
0
0
0
0
0
0
0
0
0
0
0
0
0
0
0
0
0
0
0
0
0
0
0
0
0
0
0
0
0
0
0
0
0
0.971801
0
0
0
0
0
0
0
0
0
0
0
0
0
0
0
0
0
0
0
0
0
0
0
0.827087
0
0.59507
0
0
0
0.526002
0.701621
0
0
0
0
0
0
0.667514
0
0
0
0
0.342422
0
0
0
0
0
0
0
0
0
0
0
0
0.887857
0
0
0
0
0
0
0
0
0
0
0
0
0
0.601261
0
0
0
0
0
0
0
0
0.404592
0
0
0
0
0
0
0
0
0
0
0
0
0
0
0
0
0
0
0
0
0
0
0
0
0
0
0
0
0
0
0
0
0
0
0
0
0
0
0
0
0
0
0
0
0
0
0
0
0
0
0
0
0
0
0
0
0
0
0
0
0
0
0
0
0
0
0
0
0
0
0
0
0
0
0
0
0
0
0
0
0
0
0
0
0
0
0
0
0
0
0
0
0
0
0
0
0
0
0
0
0
0
0
0
0
0
0
0
0
0
0
0
0
0
0
0
0
0
0
0
0
0
0
0.352475
0
0
0
0
0
0.139849
0
0
0
0
0
0
0
0.776346
0
0
0
0
0
0
0
0
0
0
0
0
0
0
0
0
0.198593
0
0.416266
0
0
0
0
0
0
0
0
0
0
0
0
0.614156
0.487336
0.681666
0
0
0
0
0
0
0
0
0
0
0
0
0.140858
0
0
0
0
0
0
0
0
0
0
0
0
0
0
0
0.0580472
0
0
0
0
0
0
0
0
0
0
0
0
0
0
0
0
0
0
0
0
0
0
0
0
0
0
0
0
0
0
0
0
0
0
0
0
0
0
0
0
0
0
0
0
0
0
0
0
0
0
0
0
0
0
0
0
0
0
0
0
0
0
0
0
0
0
0
0
0
0
0
0
0
0
0
0
0
0
0
0
0
0
0
0
0
0
0
0
0
0
0
0
0
0
0
0
0
0
0
0
0
0
0
0
0
0
0
0
0
0
0
0
0
0
0
0
0
0
0
0.934113
0
0
0
0.172177
0
0
0
0
0
0
0.742448
0
0
0
0
0
0
0
0
0
0
0
0
0
0
0
0
0
0
0
0
0
0.510046
0
0
0
0
0
0.681008
0
0
0
0
0
0
0.682868
0
0
0
0
0
0
0
0
0
0
0
0
0
0
0
0
0.849694
0
0
0
0
0
0
0.512282
0
0
0
0
0
0
0
0
0
0.928072
0
0
0
0
0
0
0.109337
0
0
0
0
0
0
0
0
0
0
0
0
0
0
0
0
0
0
0
0
0
0
0
0
0
0
0
0
0
0
0
0
0
0
0
0
0
0
0
0
0
0
0
0
0
0
0
0
0
0
0
0
0
0
0
0
0
0
0
0
0
0
0
0
0
0
0
0
0
0
0
0
0
0
0
0
0
0
0
0
0
0
0
0
0
0
0
0
0
0
0
0
0
0
0
0
0
0
0
0
0
0
0
0
0
0
0
0
0
0
0
0
0
0
0
0
0
0
0
0.712476
0
0
0
0
0
0
0
0
0
0
0
0
0
0
0
0
0
0
0
0
0
0
0
0
0.658377
0
0
0
0
0
0
0
0
0
0
0
0
0
0
0
0
0.782759
0
0
0
0
0.456325
0
0
0
0
0
0
0
0
0
0.259358
0
0.746881
0.279433
0
0
0
0
0
0
0
0
0
0
0
0
0
0
0
0
0.383996
0
0
0
0
0
0.258958
0
0
0
0
0
0.838892
0
0
0
0
0
0
0
0
0
0
0
0
0
0
0
0
0
0
0
0
0
0
0
0
0
0
0
0
0
0
0
0
0
0
0
0
0
0
0
0
0
0
0
0
0
0
0
0
0
0
0
0
0
0
0
0
0
0
0
0
0
0
0
0
0
0
0
0
0
0
0
0
0
0
0
0
0
0
0
0
0
0
0
0
0
0
0
0
0
0
0
0
0
0
0
0
0
0
0
0
0
0
0
0
0.0843231
0
0
0
0
0
0
0
0
0
0
0
0
0
0
0
0
0
0
0
0
0.168108
0
0
0
0
0
0
0
0
0
0
0
0
0.815756
0
0
0
0
0
0
0
0
0
0
0.971311
0
0
0
0
0
0.885646
0
0
0
0
0
0.0471006
0
0.893766
0
0
0
0
0
0.21275
0
0
0
0
0
0
0
0
0
0
0
0
0
0
0
0
0
0
0
0
0
0
0
0
0
0.721739
0.221194
0
0
0
0
0
0
0
0
0
0
0
0
0
0
0
0
0
0
0
0
0
0
0
0
0
0
0
0
0
0
0
0
0
0
0
0
0
0
0
0
0
0
0
0
0
0
0
0
0
0
0
0
0
0
0
0
0
0
0
0
0
0
0
0
0
0
0
0
0
0
0
0
0
0
0
0
0
0
0
0
0
0
0
0
0
0
0
0
0
0
0
0
0
0
0
0
0
0
0
0
0
0
0
0
0
0
0
0
0
0
0
0
0.974179
0
0
0
0
0
0
0
0
0
0
0
0
0
0
0
0
0.962622
0
0
0
0.467522
0.16176
0
0
0
0
0
0.70468
0
0
0
0
0
0
0
0
0.475411
0
0.259183
0
0
0
0
0
0
0
0
0
0
0
0
0
0
0
0
0.490537
0
0
0
0
0
0
0
0
0
0
0
0
0
0
0
0
0
0
0
0
0
0
0
0.0856532
0
0
0
0
0
0.43922
0
0
0
0
0
0
0
0
0
0
0
0
0
0
0
0
0
0
0
0
0
0
0
0
0
0
0
0
0
0
0
0
0
0
0
0
0
0
0
0
0
0
0
0
0
0
0
0
0
0
0
0
0
0
0
0
0
0
0
0
0
0
0
0
0
0
0
0
0
0
0
0
0
0
0
0
0
0
0
0
0
0
0
0
0
0
0
0
0
0
0
0
0
0
0
0
0
0
0
0
0
0
0
0
0
0
0
0
0
0
0
0
0
0
0
0
0
0
0
0
0
0
0
0.283351
0
0
0
0
0
0
0
0
0
0
0
0
0
0
0
0
0
0
0
0
0
0
0
0.877602
0
0
0
0
0.419097
0.00506948
0
0
0
0
0.775115
0
0.311972
0
0
0
0
0
0.401026
0.211156
0
0.571988
0
0
0
0
0
0
0
0
0
0
0
0.445721
0
0
0
0
0
0
0
0
0
0
0
0
0
0
0
0
0
0
0
0
0
0
0
0
0
0
0
0
0
0
0
0
0
0
0
0
0
0
0
0
0
0
0
0
0
0
0
0
0
0
0
0
0
0
0
0
0
0
0
0
0
0
0
0
0
0
0
0
0
0
0
0
0
0
0
0
0
0
0
0
0
0
0
0
0
0
0
0
0
0
0
0
0
0
0
0
0
0
0
0
0
0
0
0
0
0
0
0
0
0
0
0
0
0
0
0
0
0
0
0
0
0
0
0
0
0
0
0
0.35173
0
0
0
0
0
0
0
0
0
0
0
0
0
0
0
0
0.523755
0
0
0
0
0.856499
0.619168
0
0
0
0
0
0
0
0
0
0
0
0
0
0
0
0
0
0
0
0
0
0
0.638063
0.852957
0
0
0
0
0
0
0
0.165752
0
0
0
0
0
0
0
0
0
0
0
0
0
0
0
0
0
0
0
0
0
0
0
0
0
0.906999
0
0
0
0
0
0
0
0
0
0
0.831861
0
0.323816
0
0
0
0
0
0
0
0
0
0
0
0
0
0
0
0
0
0
0
0
0
0
0
0
0
0
0
0
0
0
0
0
0
0
0
0
0
0
0
0
0
0
0
0
0
0
0
0
0
0
0
0
0
0
0
0
0
0
0
0
0
0
0
0
0
0
0
0
0
0
0
0
0
0
0
0
0
0
0
0
0
0
0
0
0
0
0
0
0
0
0
0
0
0
0
0
0
0
0
0
0
0
0
0
0.667353
0
0
0
0.615207
0
0
0.696818
0
0
0
0.801567
0
0
0
0
0
0
0
0
0
0
0
0.37689
0
0
0
0
0
0
0
0
0
0
0
0
0
0
0
0.0217945
0
0
0
0
0.739945
0
0
0
0
0
0
0
0
0
0
0.607887
0
0
0
0
0
0
0
0
0
0
0
0
0
0
0
0
0
0
0
0
0.571425
0
0
0
0
0
0
0
0
0
0
0
0.93725
0
0
0
0
0
0
0
0
0
0
0
0
0
0
0
0
0
0
0
0
0
0
0
0
0
0
0
0
0
0
0
0
0
0
0
0
0
0
0
0
0
0
0
0
0
0
0
0
0
0
0
0
0
0
0
0
0
0
0
0
0
0
0
0
0
0
0
0
0
0
0
0
0
0
0
0
0
0
0
0
0
0
0
0
0
0
0
0
0
0
0
0
0
0
0
0
0
0
0
0
0
0
0
0
0
0
0
0
0
0
0.393145
0
0
0
0
0
0
0
0
0
0
0
0
0
0
0
0
0
0
0
0
0.858834
0
0.572894
0
0
0
0
0
0
0
0
0
0
0
0
0
0
0
0
0
0.523736
0
0.564796
0
0
0
0
0
0
0
0
0
0
0
0
0
0.0247577
0
0
0
0
0
0.294596
0
0
0
0
0
0
0
0
0
0
0
0.197014
0
0
0
0
0.00474183
0
0
0
0
0
0
0
0
0
0
0
0
0
0
0.827362
0
0
0
0
0
0
0
0
0
0
0
0
0
0
0
0
0
0
0
0
0
0
0
0
0
0
0
0
0
0
0
0
0
0
0
0
0
0
0
0
0
0
0
0
0
0
0
0
0
0
0
0
0
0
0
0
0
0
0
0
0
0
0
0
0
0
0
0
0
0
0
0
0
0
0
0
0
0
0
0
0
0
0
0
0
0
0
0
0
0
0
0
0
0
0
0
0
0
0
0
0
0
0
0
0
0
0
0
0
0
0
0
0
0
0
0
0
0.111766
0
0
0
0
0
0.967256
0
0
0.368057
0.732933
0
0
0
0
0
0
0.277131
0
0
0
0
0
0
0
0
0
0
0
0.754691
0
0
0
0.884578
0
0
0
0
0
0
0
0
0
0
0
0
0
0
0
0
0
0
0
0
0
0
0
0
0
0
0
0.576809
0
0
0
0.204301
0
0
0
0
0
0
0
0
0
0
0.667102
0
0
0
0
0
0
0
0
0
0
0
0
0
0
0
0
0
0
0
0
0
0
0
0
0
0
0
0
0
0
0
0
0
0
0
0
0
0
0
0
0
0
0
0
0
0
0
0
0
0
0
0
0
0
0
0
0
0
0
0
0
0
0
0
0
0
0
0
0
0
0
0
0
0
0
0
0
0
0
0
0
0
0
0
0
0
0
0
0
0
0
0
0
0
0
0
0
0
0
0
0
0
0
0
0
0
0
0
0
0
0
0
0
0
0
0.725112
0
0
0
0
0
0
0
0
0
0
0
0
0
0
0
0
0.806373
0
0
0
0
0
0
0
0
0
0
0
0
0.763524
0
0
0
0
0
0
0
0
0
0
0.569204
0
0
0
0
0
0
0
0.156179
0
0
0.664542
0
0
0
0
0
0
0
0
0
0
0
0.591146
0
0
0
0
0
0.208041
0
0
0
0
0.394724
0
0
0
0
0
0
0
0
0
0
0
0
0
0
0.400565
0
0
0
0
0
0
0
0
0
0
0
0
0
0
0
0
0
0
0
0
0
0
0
0
0
0
0
0
0
0
0
0
0
0
0
0
0
0
0
0
0
0
0
0
0
0
0
0
0
0
0
0
0
0
0
0
0
0
0
0
0
0
0
0
0
0
0
0
0
0
0
0
0
0
0
0
0
0
0
0
0
0
0
0
0
0
0
0
0
0
0
0
0
0
0
0
0
0
0
0
0
0
0
0
0
0
0
0.683661
0
0.0616558
0
0
0
0
0
0
0
0.555927
0
0
0
0
0
0
0
0.594652
0
0
0
0
0
0
0
0
0
0
0
0
0.436146
0
0
0
0
0
0
0
0
0
0
0
0
0
0
0
0
0
0
0.757385
0
0.520309
0
0
0
0
0
0.676542
0
0
0
0
0
0
0
0
0
0
0
0
0
0
0
0
0.685399
0
0
0
0
0
0
0.860293
0
0
0
0
0
0
0
0
0
0
0
0
0
0
0
0
0
0
0
0
0
0
0
0
0
0
0
0
0
0
0
0
0
0
0
0
0
0
0
0
0
0
0
0
0
0
0
0
0
0
0
0
0
0
0
0
0
0
0
0
0
0
0
0
0
0
0
0
0
0
0
0
0
0
0
0
0
0
0
0
0
0
0
0
0
0
0
0
0
0
0
0
0
0
0
0
0
0
0
0
0
0
0
0
0
0
0
0
0
0
0
0
0
0
0.147236
0
0
0
0.155544
0
0
0.00250564
0
0
0
0
0
0
0
0
0
0
0
0
0
0
0
0
0
0
0
0
0
0.580273
0
0
0
0
0
0
0
0
0
0
0
0
0
0
0
0
0
0
0
0
0
0
0.0319722
0
0.0517606
0
0
0
0
0
0
0
0
0
0
0
0
0
0
0
0
0.873142
0
0.798591
0
0
0
0
0
0
0
0
0.891411
0.0672506
0
0
0
0
0
0
0
0
0
0
0
0
0
0
0
0
0
0
0
0
0
0
0
0
0
0
0
0
0
0
0
0
0
0
0
0
0
0
0
0
0
0
0
0
0
0
0
0
0
0
0
0
0
0
0
0
0
0
0
0
0
0
0
0
0
0
0
0
0
0
0
0
0
0
0
0
0
0
0
0
0
0
0
0
0
0
0
0
0
0
0
0
0
0
0
0
0
0
0
0
0
0
0
0
0
0
0
0
0
0
0
0
0
0
0
0
0
0
0
0
0
0
0
0
0
0
0
0
0
0
0
0.720664
0
0
0.35462
0
0
0
0
0
0
0
0
0
0
0
0.718953
0
0
0
0
0.567442
0
0
0
0
0.634359
0
0
0
0
0
0
0
0.154233
0
0
0
0
0
0
0
0
0
0
0.729558
0
0
0
0
0
0
0
0
0
0
0
0
0
0
0
0
0
0
0.585729
0
0
0.812343
0
0
0
0
0
0
0
0
0
0
0
0
0
0.981568
0
0
0
0
0
0
0
0
0
0
0
0
0
0
0
0
0
0
0
0
0
0
0
0
0
0
0
0
0
0
0
0
0
0
0
0
0
0
0
0
0
0
0
0
0
0
0
0
0
0
0
0
0
0
0
0
0
0
0
0
0
0
0
0
0
0
0
0
0
0
0
0
0
0
0
0
0
0
0
0
0
0
0
0
0
0
0
0
0
0
0
0
0
0
0
0
0
0
0
0
0
0
0
0
0
0
0
0
0
0
0
0
0
0
0.143726
0
0
0
0
0
0
0
0
0
0
0
0
0
0
0
0
0
0
0
0.803201
0
0.60877
0
0
0
0
0
0
0
0
0
0
0
0
0.0769246
0
0
0
0
0
0
0
0.514547
0
0
0
0
0
0
0.645348
0
0
0
0
0
0
0
0
0
0
0
0.182599
0
0
0
0.0979988
0
0
0
0
0
0
0
0
0
0
0
0.177972
0
0
0
0
0
0
0
0
0.130983
0
0
0
0
0
0
0
0
0
0
0
0
0
0
0
0
0
0
0
0
0
0
0
0
0
0
0
0
0
0
0
0
0
0
0
0
0
0
0
0
0
0
0
0
0
0
0
0
0
0
0
0
0
0
0
0
0
0
0
0
0
0
0
0
0
0
0
0
0
0
0
0
0
0
0
0
0
0
0
0
0
0
0
0
0
0
0
0
0
0
0
0
0
0
0
0
0
0
0
0
0
0
0
0
0
0
0
0
0
0
0
0
0
0
0
0
0
0
0
0
0
0
0
0
0
0
0
0
0
0
0
0
0
0
0
0
0
0
0
0
0
0
0.39124
0
0
0
0.811006
0
0
0
0
0.395831
0
0
0
0
0
0.416777
0
0
0
0
0
0
0
0
0
0
0
0.322151
0.961491
0
0
0.474532
0
0
0
0
0
0
0
0
0
0
0
0
0
0
0.569157
0
0
0
0
0
0
0
0.615875
0
0
0
0.0144878
0
0
0
0
0
0
0
0
0
0
0
0
0
0
0
0
0
0
0
0
0
0
0
0
0
0
0
0
0
0
0
0
0
0
0
0
0
0
0
0
0
0
0
0
0
0
0
0
0
0
0
0
0
0
0
0
0
0
0
0
0
0
0
0
0
0
0
0
0
0
0
0
0
0
0
0
0
0
0
0
0
0
0
0
0
0
0
0
0
0
0
0
0
0
0
0
0
0
0
0
0
0
0
0
0
0.805172
0
0
0
0
0
0.565614
0
0
0
0.154131
0
0
0
0
0
0
0
0
0
0
0
0
0
0
0
0
0.8291
0
0
0
0
0
0
0
0
0
0
0
0
0
0.498275
0
0
0
0.733712
0
0
0
0
0
0
0
0
0
0
0
0
0
0.524914
0
0
0.543647
0
0
0
0
0
0
0
0
0
0
0
0.759155
0
0
0
0
0
0
0
0
0
0
0
0
0
0
0
0.296105
0
0
0
0
0
0
0
0
0
0
0
0
0
0
0
0
0
0
0
0
0
0
0
0
0
0
0
0
0
0
0
0
0
0
0
0
0
0
0
0
0
0
0
0
0
0
0
0
0
0
0
0
0
0
0
0
0
0
0
0
0
0
0
0
0
0
0
0
0
0
0
0
0
0
0
0
0
0
0
0
0
0
0
0
0
0
0
0
0
0
0
0
0
0
0
0
0
0
0
0
0
0
0
0
0.525665
0
0
0
0
0
0
0.605233
0
0
0
0
0
0
0
0
0
0
0
0
0
0
0
0
0
0
0
0
0
0
0
0
0
0
0
0.47572
0
0
0
0
0
0
0
0
0
0
0
0.855445
0.325483
0
0.00359601
0
0
0
0
0
0
0
0
0
0.0711702
0
0
0
0.581367
0
0
0
0
0
0
0
0.139143
0
0
0
0
0
0
0
0
0
0.851065
0
0
0
0
0
0
0
0
0
0
0
0
0
0
0
0
0
0
0
0
0
0
0
0
0
0
0
0
0
0
0
0
0
0
0
0
0
0
0
0
0
0
0
0
0
0
0
0
0
0
0
0
0
0
0
0
0
0
0
0
0
0
0
0
0
0
0
0
0
0
0
0
0
0
0
0
0
0
0
0
0
0
0
0
0
0
0
0
0
0
0
0
0
0
0
0
0
0
0
0
0
0
0
0
0
0
0
0
0
0
0
0
0
0
0
0
0
0
0.498007
0
0
0
0
0.583908
0
0
0
0.0922354
0
0
0
0
0
0
0
0
0
0
0
0
0
0
0.821984
0
0
0
0
0
0
0
0
0
0
0
0
0
0.390465
0
0
0
0
0
0
0
0
0
0
0
0
0
0
0
0
0
0
0
0
0
0
0.842939
0
0
0
0.965976
0
0
0
0
0
0
0
0
0
0
0
0
0
0
0
0
0
0
0
0
0.594913
0
0
0
0
0.152552
0
0
0
0
0
0.892902
0
0
0
0
0
0
0
0
0
0
0
0
0
0
0
0
0
0
0
0
0
0
0
0
0
0
0
0
0
0
0
0
0
0
0
0
0
0
0
0
0
0
0
0
0
0
0
0
0
0
0
0
0
0
0
0
0
0
0
0
0
0
0
0
0
0
0
0
0
0
0
0
0
0
0
0
0
0
0
0
0
0
0
0
0
0
0
0
0
0
0
0
0
0
0
0
0
0
0
0
0
0.76754
0.128919
0
0
0
0
0
0
0
0
0
0
0
0
0.628444
0
0
0
0
0
0
0
0
0
0
0.929394
0
0
0
0
0.569727
0
0.0551425
0
0
0
0
0
0
0.447346
0
0
0
0
0
0
0
0
0
0
0
0
0
0
0
0
0
0
0
0
0.982564
0
0
0
0
0
0
0
0
0
0
0
0
0
0
0
0
0
0
0
0
0
0
0
0
0
0
0
0.121639
0
0
0
0
0
0
0
0
0.393694
0
0
0
0
0
0
0
0
0
0
0
0
0
0
0
0
0
0
0
0
0
0
0
0
0
0
0
0
0
0
0
0
0
0
0
0
0
0
0
0
0
0
0
0
0
0
0
0
0
0
0
0
0
0
0
0
0
0
0
0
0
0
0
0
0
0
0
0
0
0
0
0
0
0
0
0
0
0
0
0
0
0
0
0
0
0
0
0
0
0
0
0
0
0
0
0
0
0
0
0
0
0
0
0
0.591619
0
0
0
0.387007
0
0
0
0
0
0
0
0
0
0
0
0
0.73578
0
0
0
0
0
0
0.77443
0
0
0
0
0
0.646154
0.168706
0
0
0
0
0
0
0
0
0
0
0
0
0
0
0
0
0
0
0
0
0.365811
0
0
0
0
0
0
0
0
0
0
0
0.299642
0
0
0
0
0
0
0
0
0
0
0
0
0
0.611424
0
0
0
0
0
0
0
0
0
0
0
0
0
0.763023
0
0
0
0
0
0
0
0
0
0
0
0
0
0
0
0
0
0
0
0
0
0
0
0
0
0
0
0
0
0
0
0
0
0
0
0
0
0
0
0
0
0
0
0
0
0
0
0
0
0
0
0
0
0
0
0
0
0
0
0
0
0
0
0
0
0
0
0
0
0
0
0
0
0
0
0
0
0
0
0
0
0
0
0
0
0
0
0
0
0
0
0
0
0
0
0
0
0
0
0
0
0
0
0
0
0
0
0
0
0.55371
0
0
0
0
0
0
0
0
0
0
0
0.059993
0
0
0
0
0
0
0
0
0
0
0
0
0
0
0
0
0
0
0
0.3863
0.54446
0
0
0
0.494995
0
0
0.616552
0
0.836455
0
0.728658
0
0
0
0
0
0
0
0
0
0
0
0
0
0
0
0
0
0
0
0
0
0.652409
0
0
0
0
0
0.473431
0
0
0
0
0
0
0
0
0
0
0
0
0
0
0
0
0
0
0
0
0
0
0
0
0
0
0
0
0
0
0
0
0
0
0
0
0
0
0
0
0
0
0
0
0
0
0
0
0
0
0
0
0
0
0
0
0
0
0
0
0
0
0
0
0
0
0
0
0
0
0
0
0
0
0
0
0
0
0
0
0
0
0
0
0
0
0
0
0
0
0
0
0
0
0
0
0
0
0
0
0
0
0
0
0
0
0
0
0
0
0
0
0
0
0
0
0
0
0
0
0
0
0
0
0
0.74103
0
0
0
0
0.0901066
0
0
0
0
0
0
0
0
0
0
0
0
0
0
0
0.483979
0
0
0
0
0
0
0
0
0
0
0.916989
0.239699
0
0
0
0
0
0
0
0
0
0
0
0
0
0
0
0
0.386225
0
0
0
0
0
0
0
0.327319
0
0
0
0
0
0
0
0
0
0
0.639175
0.0239969
0
0
0.0774674
0
0
0
0
0
0
0
0
0
0
0
0
0
0
0
0
0
0
0
0
0
0
0
0
0
0
0
0.466186
0
0
0
0
0
0
0
0
0
0
0
0
0
0
0
0
0
0
0.0947249
0
0
0
0.19695
0
0
0
0
0
0.716455
0
0.0295221
0
0
0
0
0
0
0
0.260189
0
0
0
0
0
0
0
0
0
0
0
0
0
0
0
0
0
0
0
0
0.76007
0
0
0
0.384729
0
0
0.25665
0
0
0
0
0
0
0
0
0
0
0
0
0
0
0
0
0.22522
0
0
0
0
0
0
0
0
0
0
0
0
0
0
0
0
0
0
0
0
0
0
0
0
0
0
0
0
0
0
0
0
0
0
0
0
0
0
0
0
0
0
0
0
0
0
0
0
0
0
0
0
0
0
0
0
0
0
0
0
0
0
0
0
0
0
0
0
0
0
0
0
0
0
0
0
0
0
0
0
0
0
0
0
0
0
0
0
0
0
0
0
0
0
0
0
0
0
0
0
0
0
0
0
0
0
0
0
0
0
0
0
0
0
0
0
0
0
0.119024
0
0
0
0
0
0
0
0
0
0
0
0
0.114956
0
0
0.208066
0
0
0
0
0.530475
0
0
0
0
0
0
0
0
0
0
0.63342
0
0
0
0
0
0
0
0.693035
0
0
0
0
0
0
0
0
0.842533
0
0
0
0
0
0
0
0
0
0.95061
0
0
0
0
0
0
0
0
0
0
0
0
0
0
0
0
0
0
0
0
0
0
0.335696
0
0
0.398748
0
0
0
0
0
0
0
0
0
0
0
0
0
0
0
0
0
0
0
0
0
0
0
0
0
0
0
0
0
0
0
0
0
0
0
0
0
0
0
0
0
0
0
0
0
0
0
0
0
0
0
0
0
0
0
0
0
0
0
0
0
0
0
0
0
0
0
0
0
0
0
0
0
0
0
0
0
0
0
0
0
0
0
0
0
0
0
0
0
0
0
0
0
0
0
0
0
0
0
0
0
0
0
0
0
0
0
0
0
0
0
0
0
0
0
0
0
0
0
0
0.376406
0
0
0
0
0
0
0
0
0.333605
0
0
0
0
0
0
0
0
0
0.203824
0
0
0
0
0
0
0
0.367773
0.489074
0
0
0
0
0
0
0
0
0
0
0
0
0
0
0
0
0
0
0
0
0
0
0
0
0.186366
0
0
0
0
0
0.14546
0.941157
0
0
0
0
0
0
0.499098
0
0
0
0
0
0
0
0
0
0.483736
0
0
0
0
0
0
0
0
0
0
0
0
0
0
0
0
0
0
0
0
0
0
0
0
0
0
0
0
0
0
0
0
0
0
0
0
0
0
0
0
0
0
0
0
0
0
0
0
0
0
0
0
0
0
0
0
0
0
0
0
0
0
0
0
0
0
0
0
0
0
0
0
0
0
0
0
0
0
0
0
0
0
0
0
0
0
0
0
0
0
0
0
0
0
0
0
0
0
0
0
0
0
0
0
0
0
0
0
0
0
0
0
0.865733
0
0
0
0
0
0
0
0
0
0
0.471347
0
0
0
0
0
0
0
0.0225627
0
0
0
0
0
0
0.712186
0
0
0
0
0
0
0
0
0
0
0
0
0
0
0.479935
0
0.694207
0
0
0.167057
0
0
0
0
0
0
0
0
0
0
0
0
0
0
0
0
0.943255
0
0
0
0
0
0
0
0
0
0
0
0
0.935085
0
0
0
0
0
0
0
0
0
0
0
0
0
0
0
0
0
0
0.939858
0
0
0
0
0
0
0
0
0
0
0
0
0
0
0
0
0
0
0
0
0
0
0
0
0
0
0
0
0
0
0
0
0
0
0
0
0
0
0
0
0
0
0
0
0
0
0
0
0
0
0
0
0
0
0
0
0
0
0
0
0
0
0
0
0
0
0
0
0
0
0
0
0
0
0
0
0
0
0
0
0
0
0
0
0
0
0
0
0
0
0
0
0
0
0
0
0
0
0
0
0
0
0
0
0
0
0
0
0
0
0
0
0
0
0
0
0.882753
0
0
0.310361
0
0
0
0
0
0
0
0
0.119187
0
0.311117
0
0
0
0
0
0
0
0
0
0.437545
0
0
0
0
0
0.336906
0
0
0
0
0
0
0
0
0
0
0
0
0
0
0
0
0
0
0
0
0
0
0
0
0
0
0
0.0286948
0
0
0
0
0
0
0
0
0
0
0
0
0.897439
0
0
0
0
0.88684
0
0.325505
0
0
0
0
0
0
0
0
0
0
0
0
0
0
0
0
0
0
0
0
0
0
0
0
0
0
0
0
0
0
0
0
0
0
0
0
0
0
0
0
0
0
0
0
0
0
0
0
0
0
0
0
0
0
0
0
0
0
0
0
0
0
0
0
0
0
0
0
0
0
0
0
0
0
0
0
0
0
0
0
0
0
0
0
0
0
0
0
0
0
0
0
0
0
0
0
0
0
0
0
0
0
0
0
0
0
0
0
0
0
0.0843571
0
0
0
0
0
0
0
0
0
0
0
0.0756056
0
0
0
0
0
0
0
0
0
0
0
0
0
0
0
0
0.424802
0
0
0.581833
0.765105
0.223243
0
0
0
0
0
0
0
0
0
0
0
0
0
0
0
0
0
0
0
0
0
0
0
0
0
0
0
0
0
0
0
0
0
0
0
0
0
0
0
0
0
0
0
0
0.947008
0.672459
0
0
0
0
0
0
0
0
0.508379
0
0
0
0.904252
0
0
0
0
0
0
0
0
0
0
0
0
0
0
0
0
0
0
0
0
0
0
0
0
0
0
0
0
0
0
0
0
0
0
0
0
0
0
0
0
0
0
0
0
0
0
0
0
0
0
0
0
0
0
0
0
0
0
0
0
0
0
0
0
0
0
0
0
0
0
0
0
0
0
0
0
0
0
0
0
0
0
0
0
0
0
0
0
0
0
0
0
0
0
0
0
0
0
0
0
0
0
0
0
0
0
0.0590255
0
0
0
0
0
0
0
0
0
0
0.945898
0
0
0
0
0
0
0
0
0
0
0
0
0
0
0
0
0
0
0
0.637893
0
0
0.418304
0
0
0
0
0.695043
0.167543
0
0
0
0
0
0
0
0
0
0
0
0
0
0
0
0
0
0
0.584074
0
0
0
0
0
0
0
0
0
0
0
0.916962
0
0
0
0
0
0
0
0
0
0
0
0
0
0
0
0
0.343835
0
0
0
0
0
0
0.189178
0
0
0
0
0
0
0
0
0
0
0
0
0
0
0
0
0
0
0
0
0
0
0
0
0
0
0
0
0
0
0
0
0
0
0
0
0
0
0
0
0
0
0
0
0
0
0
0
0
0
0
0
0
0
0
0
0
0
0
0
0
0
0
0
0
0
0
0
0
0
0
0
0
0
0
0
0
0
0
0
0
0
0
0
0
0
0
0
0
0
0
0
0
0
0
0
0
0
0
0
0
0
0.931445
0
0
0
0
0
0
0
0
0
0
0
0
0
0.978714
0
0.757816
0
0
0
0
0
0
0
0
0
0
0
0
0
0
0
0
0
0
0
0
0
0
0
0
0
0
0
0
0
0
0
0
0
0
0
0
0
0.857586
0
0
0
0
0
0.661505
0
0
0
0
0
0
0
0
0.949529
0
0
0
0
0
0
0
0
0
0
0
0
0.977582
0
0.568822
0
0
0
0
0
0.371216
0
0
0
0
0.177523
0
0
0
0
0
0
0
0
0
0
0
0
0
0
0
0
0
0
0
0
0
0
0
0
0
0
0
0
0
0
0
0
0
0
0
0
0
0
0
0
0
0
0
0
0
0
0
0
0
0
0
0
0
0
0
0
0
0
0
0
0
0
0
0
0
0
0
0
0
0
0
0
0
0
0
0
0
0
0
0
0
0
0
0
0
0
0
0
0
0
0
0
0
0
0
0
0
0
0
0
0
0
0
0
0
0
0
0
0
0
0
0
0
0
0
0
0
0
0
0
0
0
0
0
0
0
0
0
0
0
0.569804
0
0
0.669088
0
0
0
0
0
0.156572
0
0
0
0
0
0
0
0.962501
0
0
0
0
0
0
0.773831
0
0
0
0.820544
0
0
0
0
0
0
0
0
0
0
0
0
0
0
0
0
0
0
0
0
0.811287
0
0
0
0
0
0
0
0
0
0
0
0
0
0
0
0
0
0.793542
0.075802
0
0
0
0.471788
0
0
0
0
0
0
0
0
0
0
0
0
0
0
0
0
0
0
0
0
0
0
0
0
0
0
0
0
0
0
0
0
0
0
0
0
0
0
0
0
0
0
0
0
0
0
0
0
0
0
0
0
0
0
0
0
0
0
0
0
0
0
0
0
0
0
0
0
0
0
0
0
0
0
0
0
0
0
0
0
0
0
0
0
0
0
0
0
0
0
0
0
0
0
0
0
0
0
0
0
0
0
0
0
0
0
0
0.268017
0.524649
0
0
0
0
0
0
0
0
0
0
0
0
0
0.34915
0
0
0
0
0
0
0
0
0
0
0.0481705
0
0
0
0
0
0
0
0
0
0
0
0
0
0.0957974
0
0
0
0
0
0
0
0
0
0.653247
0
0.258755
0
0
0.415654
0
0
0
0
0
0
0.629911
0
0
0
0
0
0
0
0
0
0
0.509348
0
0
0
0
0
0
0
0
0
0
0
0
0
0
0
0
0
0
0
0
0
0
0
0
0
0
0
0
0
0
0
0
0
0
0
0
0
0
0
0
0
0
0
0
0
0
0
0
0
0
0
0
0
0
0
0
0
0
0
0
0
0
0
0
0
0
0
0
0
0
0
0
0
0
0
0
0
0
0
0
0
0
0
0
0
0
0
0
0
0
0
0
0
0
0
0
0
0
0
0
0
0
0
0
0
0
0
0
0
0
0
0
0
0
0
0
0
0
0
0.469096
0
0
0.835194
0
0
0
0
0
0
0
0
0
0
0
0.758682
0
0
0
0
0
0.800277
0
0
0
0
0
0
0
0
0
0
0
0
0
0
0.481706
0
0
0
0
0
0
0
0
0
0
0
0
0
0
0
0
0
0
0
0
0
0
0
0
0
0
0
0.0241937
0
0
0.440624
0
0.09913
0
0
0
0
0
0.649144
0
0
0
0
0
0
0
0
0
0
0
0
0
0.255459
0
0
0
0
0
0
0
0
0
0
0
0
0
0
0
0
0
0
0
0
0
0
0
0
0
0
0
0
0
0
0
0
0
0
0
0
0
0
0
0
0
0
0
0
0
0
0
0
0
0
0
0
0
0
0
0
0
0
0
0
0
0
0
0
0
0
0
0
0
0
0
0
0
0
0
0
0
0
0
0
0
0
0
0
0
0
0
0
0
0
0
0
0
0
0
0
0
0
0
0
0
0
0
0
0
0
0
0
0
0
0
0
0
0
0
0.216301
0
0
0
0
0.35548
0
0
0
0
0
0
0
0
0
0
0
0.620343
0
0
0
0
0
0
0.0253461
0
0
0
0
0
0
0
0
0
0
0.878511
0
0
0.326428
0
0
0
0
0
0
0
0
0
0
0
0
0
0
0
0
0
0
0
0
0
0
0
0
0
0
0
0
0
0
0
0.877312
0.756121
0
0
0
0
0
0.495224
0
0.298936
0
0
0
0
0
0
0
0
0
0
0
0
0
0
0
0
0
0
0
0
0
0
0
0
0
0
0
0
0
0
0
0
0
0
0
0
0
0
0
0
0
0
0
0
0
0
0
0
0
0
0
0
0
0
0
0
0
0
0
0
0
0
0
0
0
0
0
0
0
0
0
0
0
0
0
0
0
0
0
0
0
0
0
0
0
0
0
0
0
0
0
0
0
0
0
0
0
0
0
0
0
0
0
0
0
0
0
0
0
0
0
0
0
0
0
0
0
0
0
0
0.0514343
0
0
0
0
0
0
0
0.912516
0
0.643205
0
0
0
0
0.17769
0
0
0
0
0
0
0
0
0
0
0
0.207028
0
0
0
0
0
0
0
0
0.575281
0
0
0
0
0
0
0.240533
0
0
0
0
0
0
0
0
0.5782
0
0
0
0
0
0
0
0
0
0
0
0
0
0
0
0
0
0.0836771
0
0
0
0
0
0
0.577772
0
0
0
0
0
0
0
0
0
0
0
0
0
0
0
0
0
0
0
0
0
0
0
0
0
0
0
0
0
0
0
0
0
0
0
0
0
0
0
0
0
0
0
0
0
0
0
0
0
0
0
0
0
0
0
0
0
0
0
0
0
0
0
0
0
0
0
0
0
0
0
0
0
0
0
0
0
0
0
0
0
0
0
0
0
0
0
0
0
0
0
0
0
0
0
0
0
0
0
0
0
0
0
0
0
0
0
0
0
0
0
0
0
0
0
0
0
0
0
0
0
0
0
0
0
0
0.701646
0
0
0.852508
0
0
0
0
0
0
0
0
0.530158
0
0
0
0
0
0
0
0
0
0
0
0
0
0.0255213
0
0
0
0
0
0
0
0
0
0
0
0.200331
0
0
0
0
0
0
0
0
0
0
0
0
0
0
0
0
0
0
0
0
0
0.517891
0
0
0
0
0.96189
0
0
0
0
0
0
0.285502
0
0
0
0
0
0.778253
0
0
0
0
0
0
0
0.355698
0
0
0
0
0
0
0
0
0
0
0
0
0
0
0
0
0
0
0
0
0
0
0
0
0
0
0
0
0
0
0
0
0
0
0
0
0
0
0
0
0
0
0
0
0
0
0
0
0
0
0
0
0
0
0
0
0
0
0
0
0
0
0
0
0
0
0
0
0
0
0
0
0
0
0
0
0
0
0
0
0
0
0
0
0
0
0
0
0
0
0
0
0
0
0
0
0
0
0
0
0
0
0
0
0
0
0
0
0.882818
0
0
0
0
0
0
0
0
0
0.437772
0
0
0
0
0
0
0
0.534853
0.630111
0
0
0
0
0
0
0
0
0
0
0
0
0
0
0
0
0
0
0
0
0
0
0
0
0
0
0
0
0
0.310397
0
0
0.982306
0
0
0
0
0.411766
0
0
0
0
0
0
0
0
0
0
0
0
0
0
0.637278
0
0
0
0
0
0
0.817116
0
0
0
0
0
0
0
0
0
0
0
0
0
0.0172636
0
0
0
0
0
0
0
0
0
0
0
0
0
0
0
0
0
0
0
0
0
0
0
0
0
0
0
0
0
0
0
0
0
0
0
0
0
0
0
0
0
0
0
0
0
0
0
0
0
0
0
0
0
0
0
0
0
0
0
0
0
0
0
0
0
0
0
0
0
0
0
0
0
0
0
0
0
0
0
0
0
0
0
0
0
0
0
0
0
0
0
0
0
0
0
0
0
0
0
0
0
0
0
0
0
0
0
0
0
0
0
0.664379
0
0.523639
0
0.680506
0
0
0
0
0
0
0
0
0
0
0
0
0.0302011
0
0.157694
0
0
0
0
0
0
0
0
0
0
0
0
0
0
0
0
0
0
0
0
0
0
0
0
0.315461
0
0
0
0
0
0
0
0
0
0
0.867541
0
0
0
0.430105
0
0
0
0
0
0
0
0
0
0
0
0
0
0
0.350474
0
0
0
0
0
0
0
0
0
0
0
0
0
0
0.304698
0
0
0
0
0
0
0
0
0
0
0
0
0
0
0
0
0
0
0
0
0
0
0
0
0
0
0
0
0
0
0
0
0
0
0
0
0
0
0
0
0
0
0
0
0
0
0
0
0
0
0
0
0
0
0
0
0
0
0
0
0
0
0
0
0
0
0
0
0
0
0
0
0
0
0
0
0
0
0
0
0
0
0
0
0
0
0
0
0
0
0
0
0
0
0
0
0
0
0
0
0
0
0
0
0
0
0
0.492782
0
0
0.443606
0
0
0
0
0
0
0
0
0
0
0
0
0
0
0
0
0
0
0
0
0
0
0
0
0.46156
0
0
0.778191
0
0
0.0728824
0.815767
0
0
0
0
0
0.0756677
0
0
0
0
0
0.368097
0
0
0
0
0
0
0
0
0
0
0
0
0
0
0
0
0
0
0
0
0
0
0
0
0
0
0
0
0
0
0
0
0
0.11719
0
0
0
0
0
0
0
0.653802
0
0
0
0
0
0
0
0
0
0
0
0
0
0
0
0
0
0
0
0
0
0
0
0
0
0
0
0
0
0
0
0
0
0
0
0
0
0
0
0
0
0
0
0
0
0
0
0
0
0
0
0
0
0
0
0
0
0
0
0
0
0
0
0
0
0
0
0
0
0
0
0
0
0
0
0
0
0
0
0
0
0
0
0
0
0
0
0
0
0
0
0
0
0
0
0
0
0
0
0
0
0
0
0
0
0
0.304025
0
0
0
0
0
0
0
0
0
0
0
0
0
0
0
0
0
0
0
0
0
0
0
0
0
0
0
0
0
0
0
0
0
0
0
0
0
0
0.611548
0
0
0
0
0
0
0
0
0
0
0
0.0155463
0
0
0
0
0
0.0750458
0
0
0
0
0
0
0
0
0
0
0
0
0
0
0
0
0
0
0
0
0
0.784948
0
0
0.18215
0
0
0.580296
0.671339
0
0
0
0
0
0
0
0
0.895701
0
0.742844
0
0
0
0
0
0
0
0
0
0
0
0
0
0
0
0
0
0
0
0
0
0
0
0
0
0
0
0
0
0
0
0
0
0
0
0
0
0
0
0
0
0
0
0
0
0
0
0
0
0
0
0
0
0
0
0
0
0
0
0
0
0
0
0
0
0
0
0
0
0
0
0
0
0
0
0
0
0
0
0
0
0
0
0
0
0
0
0
0
0
0
0
0
0
0
0
0
0
0
0
0
0
0
0
0
0
0
0
0
0.663982
0.846143
0
0
0
0
0
0
0
0
0
0
0
0
0
0
0
0
0
0
0
0
0
0
0
0
0
0
0
0
0
0
0
0
0
0
0
0
0
0.605799
0
0
0
0
0
0
0
0
0
0
0
0
0
0
0
0
0
0
0
0.701396
0
0.36175
0
0
0
0.855574
0
0
0
0.920595
0.159358
0
0
0.590072
0
0
0
0
0
0
0
0
0
0
0.746227
0
0
0
0
0
0
0
0
0
0
0
0
0
0
0
0
0
0
0
0
0
0
0
0
0
0
0
0
0
0
0
0
0
0
0
0
0
0
0
0
0
0
0
0
0
0
0
0
0
0
0
0
0
0
0
0
0
0
0
0
0
0
0
0
0
0
0
0
0
0
0
0
0
0
0
0
0
0
0
0
0
0
0
0
0
0
0
0
0
0
0
0
0
0
0
0
0
0
0
0
0
0
0
0
0
0
0
0
0
0
0
0
0
0
0
0.692207
0
0
0
0
0
0
0
0
0.60172
0
0
0
0
0
0
0
0
0.671215
0
0
0
0
0
0
0
0
0
0
0
0
0
0
0
0
0
0
0
0
0
0
0
0.490005
0
0
0
0
0.037028
0
0
0
0
0
0
0
0
0
0
0.390815
0
0
0.809537
0
0
0
0
0
0
0
0
0
0.760809
0
0
0.724882
0
0
0
0
0.261203
0
0
0
0
0
0
0
0
0
0
0
0
0
0
0
0
0
0
0
0
0
0
0
0
0
0
0
0
0
0
0
0
0
0
0
0
0
0
0
0
0
0
0
0
0
0
0
0
0
0
0
0
0
0
0
0
0
0
0
0
0
0
0
0
0
0
0
0
0
0
0
0
0
0
0
0
0
0
0
0
0
0
0
0
0
0
0
0
0
0
0
0
0
0
0
0
0
0
0
0
0
0
0
0
0
0
0
0
0
0
0
0
0
0
0
0
0
0
0
0
0
0
0
0
0
0
0
0
0
0
0
0
0
0
0
0
0
0
0
0
0
0
0
0
0.514327
0
0
0
0
0
0
0.209035
0.903242
0
0
0
0
0
0
0
0
0
0
0
0
0
0
0
0
0
0
0.891414
0
0
0
0
0
0
0
0
0
0
0
0
0
0.995764
0
0
0
0
0
0
0
0
0
0.0788238
0
0
0
0
0.997302
0
0
0
0.0473166
0.954374
0
0
0
0
0.638291
0
0
0
0
0
0
0
0
0
0
0
0
0
0
0
0
0
0
0
0
0
0
0
0
0
0
0
0
0
0
0
0
0
0
0
0
0
0
0
0
0
0
0
0
0
0
0
0
0
0
0
0
0
0
0
0
0
0
0
0
0
0
0
0
0
0
0
0
0
0
0
0
0
0
0
0
0
0
0
0
0
0
0
0
0
0
0
0
0
0
0
0
0
0
0
0
0
0
0
0
0.927085
0
0.267731
0
0
0
0
0
0
0
0
0
0
0
0
0
0
0
0
0
0
0
0
0.177994
0.80409
0
0
0
0
0.0173832
0
0
0
0
0
0
0
0
0
0
0
0
0
0
0
0
0
0
0
0
0
0
0
0
0
0
0
0
0
0
0
0
0
0
0.602533
0
0
0
0
0
0
0
0
0.272536
0
0
0
0
0
0
0
0
0
0
0
0
0
0.225082
0
0
0.7426
0
0.0702093
0
0
0
0
0
0
0
0
0
0
0
0
0
0
0
0
0
0
0
0
0
0
0
0
0
0
0
0
0
0
0
0
0
0
0
0
0
0
0
0
0
0
0
0
0
0
0
0
0
0
0
0
0
0
0
0
0
0
0
0
0
0
0
0
0
0
0
0
0
0
0
0
0
0
0
0
0
0
0
0
0
0
0
0
0
0
0
0
0
0
0
0
0
0
0
0
0
0
0
0
0
0
0
0
0
0
0
0
0
0
0
0.773667
0
0
0
0
0
0
0
0.607326
0
0
0
0.941572
0
0
0
0
0
0
0
0
0
0
0
0.723792
0
0
0
0
0
0
0
0
0
0
0
0
0
0.168559
0
0
0
0
0
0
0
0
0
0
0
0
0
0
0
0
0.808495
0
0
0
0
0
0
0
0
0.507935
0
0
0
0
0
0
0
0
0
0
0
0
0
0.225204
0
0
0
0
0
0
0
0
0
0
0.632346
0
0
0
0
0.548457
0
0
0
0
0
0
0
0
0
0
0
0
0
0
0
0
0
0
0
0
0
0
0
0
0
0
0
0
0
0
0
0
0
0
0
0
0
0
0
0
0
0
0
0
0
0
0
0
0
0
0
0
0
0
0
0
0
0
0
0
0
0
0
0
0
0
0
0
0
0
0
0
0
0
0
0
0
0
0
0
0
0
0
0
0
0
0
0
0
0
0
0
0
0
0
0
0
0
0
0
0
0
0
0
0
0
0
0
0.35978
0
0
0.314226
0
0
0
0
0
0
0
0
0
0
0
0
0
0
0
0
0
0
0.0949896
0
0
0
0
0
0
0
0
0
0
0.799962
0
0
0
0.765931
0.278591
0.222335
0
0
0
0
0
0
0
0
0
0
0
0.920711
0
0
0
0
0
0
0
0
0.536205
0
0
0
0
0
0
0
0
0
0
0
0
0.1925
0
0
0
0
0
0
0
0
0
0
0
0
0
0
0
0
0
0
0
0
0
0
0
0
0
0
0
0
0
0
0
0
0
0
0
0
0
0
0
0
0
0
0
0
0
0
0
0
0
0
0
0
0
0
0
0
0
0
0
0
0
0
0
0
0
0
0
0
0
0
0
0
0
0
0
0
0
0
0
0
0
0
0
0
0
0
0
0
0
0
0
0
0
0
0
0
0
0
0
0
0
0
0
0
0
0
0
0
0
0
0
0
0
0
0
0
0
0
0
0
0
0
0
0.524427
0
0
0
0
0
0
0
0
0
0
0
0
0
0
0
0
0.393885
0
0
0
0
0
0
0
0
0
0.730217
0
0
0
0
0
0
0
0
0
0.262603
0
0
0
0
0
0
0
0.534979
0
0
0
0
0
0
0
0
0.752305
0
0.704661
0
0
0
0
0
0
0
0
0
0
0
0
0
0
0
0
0
0
0
0
0
0
0.121059
0
0
0
0
0
0
0
0
0
0
0.00779164
0
0
0.512444
0
0
0
0
0
0
0
0
0
0
0
0
0
0
0
0
0
0
0
0
0
0
0
0
0
0
0
0
0
0
0
0
0
0
0
0
0
0
0
0
0
0
0
0
0
0
0
0
0
0
0
0
0
0
0
0
0
0
0
0
0
0
0
0
0
0
0
0
0
0
0
0
0
0
0
0
0
0
0
0
0
0
0
0
0
0
0
0
0
0
0
0
0
0
0
0
0
0
0
0
0
0
0.40885
0
0
0
0
0
0
0
0
0
0
0
0.951436
0
0
0
0
0
0
0.588765
0
0
0
0
0
0
0.640262
0
0
0.410549
0
0
0
0
0
0
0
0
0
0
0
0
0
0
0
0
0
0.158069
0
0
0.093283
0
0
0
0
0
0
0
0
0
0
0
0
0.00442669
0
0
0
0
0
0
0.845337
0
0
0
0
0.7109
0
0
0
0
0
0
0
0
0
0
0
0
0
0
0
0
0
0
0
0
0
0
0
0
0
0
0
0
0
0
0
0
0
0
0
0
0
0
0
0
0
0
0
0
0
0
0
0
0
0
0
0
0
0
0
0
0
0
0
0
0
0
0
0
0
0
0
0
0
0
0
0
0
0
0
0
0
0
0
0
0
0
0
0
0
0
0
0
0
0
0
0
0
0
0
0
0
0
0
0
0
0
0
0
0
0
0
0
0
0
0
0
0
0
0
0
0
0
0
0
0
0
0
0
0
0
0
0
0
0
0
0
0
0
0
0
0
0
0
0
0.251933
0
0
0
0
0
0
0.0695581
0
0
0
0
0
0
0
0
0
0
0.000136568
0
0
0
0
0
0
0
0
0
0
0
0
0
0
0
0
0
0
0
0
0
0
0
0.544493
0
0
0
0
0
0
0
0
0
0.962992
0
0.881873
0.860562
0
0
0
0
0
0
0
0
0
0
0
0
0.666649
0
0
0
0
0
0.938641
0
0.266034
0
0
0
0
0
0
0
0
0
0
0
0
0
0
0
0
0
0
0
0
0
0
0
0
0
0
0
0
0
0
0
0
0
0
0
0
0
0
0
0
0
0
0
0
0
0
0
0
0
0
0
0
0
0
0
0
0
0
0
0
0
0
0
0
0
0
0
0
0
0
0
0
0
0
0
0
0
0
0
0
0
0
0
0
0
0
0
0
0
0
0
0
0
0
0
0
0
0
0
0
0
0
0
0
0
0
0
0
0
0
0
0
0
0
0
0
0
0
0
0
0
0
0
0
0
0
0
0
0
0
0
0.3525
0
0
0
0
0
0
0
0
0.216106
0
0
0
0
0
0
0
0
0
0
0
0
0
0
0
0
0
0
0.18425
0
0
0
0.980718
0.906952
0
0
0.424198
0
0.86724
0
0
0
0
0
0
0.00163769
0.10885
0
0
0
0
0
0
0
0
0
0
0
0
0
0
0
0
0
0
0
0
0
0
0
0
0
0.979755
0
0
0
0
0
0
0
0
0
0
0
0
0
0
0
0
0
0
0
0
0
0
0
0
0
0
0
0
0
0
0
0
0
0
0
0
0
0
0
0
0
0
0
0
0
0
0
0
0
0
0
0
0
0
0
0
0
0
0
0
0
0
0
0
0
0
0
0
0
0
0
0
0
0
0
0
0
0
0
0
0
0
0
0
0
0
0
0
0
0
0
0
0
0
0
0
0
0
0
0
0
0
0
0
0
0
0.264684
0
0
0.716813
0
0
0
0
0
0
0
0
0.268045
0
0
0
0.61911
0
0.812664
0
0
0
0
0
0
0
0
0
0
0
0
0
0
0
0
0.907916
0
0
0
0
0
0
0
0
0
0
0
0
0
0
0
0
0
0
0
0
0
0.15859
0
0
0
0
0
0
0
0
0.758922
0
0
0
0
0
0
0
0
0
0
0
0
0.25835
0
0
0
0
0
0
0
0
0
0.0943084
0
0
0
0
0
0
0
0
0
0
0
0
0
0
0
0
0
0
0
0
0
0
0
0
0
0
0
0
0
0
0
0
0
0
0
0
0
0
0
0
0
0
0
0
0
0
0
0
0
0
0
0
0
0
0
0
0
0
0
0
0
0
0
0
0
0
0
0
0
0
0
0
0
0
0
0
0
0
0
0
0
0
0
0
0
0
0
0
0
0
0
0
0
0
0
0
0
0
0
0
0
0
0
0
0
0
0
0
0
0
0
0.636182
0
0
0
0
0
0
0
0
0
0.596113
0
0
0
0
0
0
0
0
0
0
0
0
0
0
0
0
0
0
0
0
0.514142
0.713862
0
0
0
0
0
0
0
0
0
0
0
0
0
0
0.150876
0
0
0
0
0
0
0
0
0
0
0
0
0
0
0
0
0
0
0.281171
0
0
0
0
0
0
0
0
0
0
0
0
0
0
0
0
0
0
0
0
0.77723
0
0.369866
0.554785
0
0.512853
0
0
0
0
0
0
0
0
0
0
0
0
0
0
0
0
0
0
0
0
0
0
0
0
0
0
0
0
0
0
0
0
0
0
0
0
0
0
0
0
0
0
0
0
0
0
0
0
0
0
0
0
0
0
0
0
0
0
0
0
0
0
0
0
0
0
0
0
0
0
0
0
0
0
0
0
0
0
0
0
0
0
0
0
0
0
0
0
0
0
0
0
0
0
0
0
0
0
0
0
0
0
0
0
0
0
0
0
0
0
0
0
0
0
0
0
0
0
0.312664
0
0
0
0
0
0
0
0
0.63461
0
0
0
0
0
0
0
0
0
0
0
0
0
0
0
0
0
0
0
0
0
0
0
0
0
0
0
0.710098
0
0
0
0
0
0
0
0
0
0
0
0.803359
0
0
0
0
0.193191
0.508443
0
0
0
0
0
0
0
0
0
0
0
0
0.177155
0.512612
0
0.251937
0
0
0
0
0
0
0
0
0
0
0
0
0.821928
0
0
0
0
0
0
0
0
0
0
0
0
0
0
0
0
0
0
0
0
0
0
0
0
0
0
0
0
0
0
0
0
0
0
0
0
0
0
0
0
0
0
0
0
0
0
0
0
0
0
0
0
0
0
0
0
0
0
0
0
0
0
0
0
0
0
0
0
0
0
0
0
0
0
0
0
0
0
0
0
0
0
0
0
0
0
0
0
0
0
0
0
0
0
0
0
0
0
0
0
0
0
0
0
0
0
0
0.0821913
0
0
0
0.886752
0
0
0.719253
0
0
0
0
0
0
0.155906
0
0
0
0
0
0
0.838932
0.742252
0
0.391033
0
0.561157
0
0
0
0
0
0
0
0
0
0
0
0
0
0
0
0
0
0
0.54276
0
0
0
0
0
0
0
0
0
0
0
0
0
0
0
0
0
0
0
0
0
0
0
0
0
0
0
0
0
0
0
0
0
0
0.589959
0
0
0
0
0
0
0
0
0
0
0
0
0
0
0
0
0
0
0
0
0
0
0
0
0
0
0
0
0
0
0
0
0
0
0
0
0
0
0
0
0
0
0
0
0
0
0
0
0
0
0
0
0
0
0
0
0
0
0
0
0
0
0
0
0
0
0
0
0
0
0
0
0
0
0
0
0
0
0
0
0
0
0
0
0
0
0
0
0
0
0
0
0
0
0
0
0
0
0
0
0
0
0
0
0
0
0
0
0
0
0
0
0.351081
0.736938
0
0
0
0
0
0
0
0
0
0
0
0
0
0.000685856
0
0.545127
0
0
0
0
0
0
0
0
0
0
0
0
0
0
0
0
0
0
0
0
0
0
0
0
0
0
0
0.00906466
0
0
0
0
0
0
0
0
0
0
0
0.393642
0.0256241
0
0
0
0
0.274394
0
0
0
0
0
0
0
0
0
0
0
0
0
0
0
0
0
0
0
0
0
0
0
0
0
0
0
0
0.395813
0
0
0
0
0
0
0.601211
0
0
0
0
0
0
0
0
0
0
0
0
0
0
0
0
0
0
0
0
0
0
0
0
0
0
0
0
0
0
0
0
0
0
0
0
0
0
0
0
0
0
0
0
0
0
0
0
0
0
0
0
0
0
0
0
0
0
0
0
0
0
0
0
0
0
0
0
0
0
0
0
0
0
0
0
0
0
0
0
0
0
0
0
0
0
0
0
0
0
0
0
0
0
0
0
0
0
0
0
0
0
0
0
0
0
0
0
0
0
0
0
0
0
0
0
0
0
0
0
0
0
0
0.932784
0
0
0
0.508872
0
0
0
0
0
0
0
0
0
0
0
0
0.538018
0
0
0
0
0
0
0
0
0
0
0
0.93714
0
0
0
0
0
0
0
0.309264
0
0
0
0
0
0
0
0
0
0
0
0
0
0
0
0
0
0
0
0
0.875652
0
0.335937
0
0
0
0.540454
0.918786
0
0.678801
0
0
0
0
0
0
0
0
0
0
0
0
0
0
0
0
0
0
0
0
0
0
0
0
0
0
0
0
0
0
0
0
0
0
0
0
0
0
0
0
0
0
0
0
0
0
0
0
0
0
0
0
0
0
0
0
0
0
0
0
0
0
0
0
0
0
0
0
0
0
0
0
0
0
0
0
0
0
0
0
0
0
0
0
0
0
0
0
0
0
0
0
0
0
0
0
0
0
0
0
0
0
0
0
0
0
0
0
0
0
0
0
0
0
0
0
0
0
0
0
0
0
0
0
0
0
0
0
0
0
0
0
0
0
0
0
0
0
0.85437
0.77742
0
0
0
0
0
0
0
0
0
0
0.885336
0
0
0
0
0
0.726993
0.195612
0
0
0
0
0.199747
0
0
0
0
0
0
0
0
0
0
0
0
0
0
0
0
0
0.739841
0
0
0.240102
0
0
0
0.0276015
0.773219
0
0
0
0
0
0
0
0
0
0
0
0
0
0
0
0
0
0
0
0
0
0
0
0
0
0
0
0
0
0
0
0
0
0
0
0
0
0
0
0
0
0
0
0
0
0
0
0
0
0
0
0
0
0
0
0
0
0
0
0
0
0
0
0
0
0
0
0
0
0
0
0
0
0
0
0
0
0
0
0
0
0
0
0
0
0
0
0
0
0
0
0
0
0
0
0
0
0
0
0
0
0
0
0
0
0
0
0
0
0
0
0
0
0
0
0
0
0
0
0
0
0
0.340022
0
0
0
0
0
0
0
0
0
0
0
0
0
0
0
0
0
0
0
0
0
0
0
0.34523
0
0
0
0
0
0.417036
0
0.0119639
0
0
0
0
0
0
0.402255
0
0.115313
0
0
0
0
0
0
0
0
0
0
0
0
0
0
0
0
0
0
0
0
0
0
0
0
0
0
0
0
0
0
0
0
0
0
0.533886
0
0
0
0
0
0
0.934259
0
0.376533
0
0
0.316271
0
0
0
0
0
0
0
0
0
0
0
0
0
0
0
0
0
0
0
0
0
0
0
0
0
0
0
0
0
0
0
0
0
0
0
0
0
0
0
0
0
0
0
0
0
0
0
0
0
0
0
0
0
0
0
0
0
0
0
0
0
0
0
0
0
0
0
0
0
0
0
0
0
0
0
0
0
0
0
0
0
0
0
0
0
0
0
0
0
0
0
0
0
0
0
0
0
0
0
0
0
0
0
0
0
0
0
0
0
0
0.802384
0
0
0
0
0
0
0
0.640786
0
0
0
0
0
0.50542
0
0
0
0
0
0
0
0
0
0
0
0
0
0
0
0.936088
0.166778
0
0
0
0
0.685407
0
0
0
0
0
0
0
0
0.828472
0
0
0
0
0
0
0
0
0
0
0
0
0
0
0
0
0
0
0
0.224064
0
0
0
0
0
0.783687
0
0
0
0.943996
0
0
0
0
0
0
0
0
0
0
0
0
0
0
0
0
0
0
0
0
0
0
0
0
0
0
0
0
0
0
0
0
0
0
0
0
0
0
0
0
0
0
0
0
0
0
0
0
0
0
0
0
0
0
0
0
0
0
0
0
0
0
0
0
0
0
0
0
0
0
0
0
0
0
0
0
0
0
0
0
0
0
0
0
0
0
0
0
0
0
0
0
0
0
0
0
0
0
0
0
0
0
0
0
0
0
0
0
0
0
0
0
0
0
0
0
0
0
0
0
0
0
0
0
0
0
0
0
0
0
0
0
0.0300606
0
0
0
0
0
0
0
0
0
0
0
0.560416
0
0
0
0
0.903524
0
0
0
0
0
0
0
0
0
0
0
0
0.108969
0
0
0.406437
0
0
0
0
0
0.774527
0
0
0
0
0
0
0.296151
0
0
0
0.707064
0
0
0
0
0
0
0
0
0
0
0.381304
0
0
0
0
0
0
0
0
0
0
0
0
0
0
0
0
0
0
0
0.555314
0
0
0
0
0
0
0
0
0
0
0
0
0
0
0
0
0
0
0
0
0
0
0
0
0
0
0
0
0
0
0
0
0
0
0
0
0
0
0
0
0
0
0
0
0
0
0
0
0
0
0
0
0
0
0
0
0
0
0
0
0
0
0
0
0
0
0
0
0
0
0
0
0
0
0
0
0
0
0
0
0
0
0
0
0
0
0
0
0
0
0
0
0
0
0
0
0
0
0
0
0
0
0
0
0
0
0
0
0
0
0
0
0
0
0
0
0
0
0
0
0
0
0
0
0
0
0
0
0
0
0
0.953608
0
0
0
0
0
0
0.363814
0
0
0
0
0
0
0
0
0.889987
0.556405
0
0
0
0
0.730577
0.818418
0
0
0
0.996517
0
0
0
0
0
0
0
0
0
0
0
0
0
0
0
0
0
0.172703
0
0
0
0
0
0
0
0
0
0
0
0.611919
0
0
0
0
0
0
0
0.277861
0
0
0
0
0
0
0
0
0
0
0
0
0
0
0
0
0
0
0
0
0
0
0
0
0
0
0
0
0
0
0
0
0
0
0
0
0
0
0
0
0
0
0
0
0
0
0
0
0
0
0
0
0
0
0
0
0
0
0
0
0
0
0
0
0
0
0
0
0
0
0
0
0
0
0
0
0
0
0
0
0
0
0
0
0
0
0
0
0
0
0
0
0
0
0
0
0
0
0
0
0
0
0
0
0
0
0
0
0
0
0
0
0
0
0
0
0
0
0
0
0
0
0.102085
0
0
0
0
0
0
0
0
0
0
0
0
0
0
0
0
0
0
0.954593
0
0
0.699257
0
0
0
0
0
0
0
0
0
0
0
0
0
0
0
0
0
0
0
0
0
0
0
0
0
0
0
0
0
0.738749
0.429744
0
0
0.543341
0
0
0
0
0
0
0.582744
0
0
0.747709
0
0
0
0
0.0584239
0.78646
0
0
0
0
0
0
0
0
0
0
0
0
0
0
0
0
0
0
0
0
0
0
0
0
0
0
0
0
0
0
0
0
0
0
0
0
0
0
0
0
0
0
0
0
0
0
0
0
0
0
0
0
0
0
0
0
0
0
0
0
0
0
0
0
0
0
0
0
0
0
0
0
0
0
0
0
0
0
0
0
0
0
0
0
0
0
0
0
0
0
0
0
0
0
0
0
0
0
0
0
0
0
0
0
0
0
0
0
0
0
0
0
0
0
0
0
0
0
0
0
0
0.0189796
0
0
0
0
0
0
0
0
0
0
0
0.643995
0
0.750962
0
0
0
0
0
0
0
0
0
0
0
0.0544378
0
0
0
0
0
0
0
0
0
0.705063
0
0
0
0
0
0
0
0
0
0
0
0
0.325935
0
0
0.861988
0
0
0
0.606081
0
0
0
0
0
0
0
0
0
0
0
0
0
0
0
0
0
0
0
0
0
0
0
0
0
0
0.209253
0
0
0
0
0
0
0
0
0.691209
0
0
0
0
0
0
0
0
0
0
0
0
0
0
0
0
0
0
0
0
0
0
0
0
0
0
0
0
0
0
0
0
0
0
0
0
0
0
0
0
0
0
0
0
0
0
0
0
0
0
0
0
0
0
0
0
0
0
0
0
0
0
0
0
0
0
0
0
0
0
0
0
0
0
0
0
0
0
0
0
0
0
0
0
0
0
0
0
0
0
0
0
0
0
0
0
0
0
0
0
0
0
0
0.537117
0
0
0
0
0
0
0
0
0
0
0
0
0
0
0
0
0
0
0
0
0.446688
0
0
0
0
0
0
0
0.738333
0
0
0
0
0
0.670273
0
0.794067
0
0
0
0
0
0
0
0
0
0
0
0
0
0
0
0
0
0
0
0
0
0
0
0
0
0.988334
0
0
0
0
0
0
0
0
0.375432
0
0
0
0.212387
0
0
0
0
0
0.754276
0
0
0
0
0
0
0
0
0
0
0
0
0
0
0.642288
0
0
0
0
0
0
0
0
0
0
0
0
0
0
0
0
0
0
0
0
0
0
0
0
0
0
0
0
0
0
0
0
0
0
0
0
0
0
0
0
0
0
0
0
0
0
0
0
0
0
0
0
0
0
0
0
0
0
0
0
0
0
0
0
0
0
0
0
0
0
0
0
0
0
0
0
0
0
0
0
0
0
0
0
0
0
0
0
0
0
0
0
0
0
0
0
0
0
0
0
0
0
0
0
0
0
0
0
0
0
0.557183
0
0
0
0
0
0
0
0
0
0
0
0
0.0525752
0
0
0
0
0
0
0
0
0
0
0
0
0
0
0
0
0
0
0
0
0
0
0
0
0
0
0
0
0
0
0
0
0
0
0
0
0.87973
0.0712011
0
0
0
0.184406
0
0
0
0
0
0
0.372194
0
0
0
0
0
0.962769
0.752275
0
0
0
0
0
0
0
0
0
0
0
0
0
0
0
0
0
0
0.688738
0
0.896579
0
0
0
0
0
0
0
0
0
0
0
0
0
0
0
0
0
0
0
0
0
0
0
0
0
0
0
0
0
0
0
0
0
0
0
0
0
0
0
0
0
0
0
0
0
0
0
0
0
0
0
0
0
0
0
0
0
0
0
0
0
0
0
0
0
0
0
0
0
0
0
0
0
0
0
0
0
0
0
0
0
0
0
0
0
0
0
0
0
0
0
0
0
0
0
0
0
0
0
0
0
0
0
0.61857
0
0
0
0
0
0
0
0
0
0
0
0
0
0
0
0
0.546099
0
0
0
0
0
0
0.571184
0
0
0
0
0
0
0
0
0
0
0
0
0
0
0
0
0
0
0
0
0
0
0
0
0
0
0.651066
0
0.769937
0
0
0
0
0
0
0
0.220817
0
0
0
0
0
0
0
0
0
0
0
0
0
0
0
0
0
0
0.554822
0
0
0
0
0
0
0
0
0.652954
0.0936892
0
0
0
0
0
0
0.402787
0
0
0
0
0
0
0
0
0
0
0
0
0
0
0
0
0
0
0
0
0
0
0
0
0
0
0
0
0
0
0
0
0
0
0
0
0
0
0
0
0
0
0
0
0
0
0
0
0
0
0
0
0
0
0
0
0
0
0
0
0
0
0
0
0
0
0
0
0
0
0
0
0
0
0
0
0
0
0
0
0
0
0
0
0
0
0
0
0
0
0
0
0
0
0
0
0
0
0
0
0
0
0
0
0
0
0
0
0
0
0
0
0
0
0
0
0
0
0.0810337
0
0
0
0
0
0
0
0
0
0
0
0
0
0
0
0
0
0
0
0
0
0
0
0
0
0
0.0543161
0
0
0.496416
0
0
0.754113
0
0
0
0
0
0.778887
0
0
0
0
0
0
0
0
0
0
0
0
0
0
0
0
0
0.930339
0
0
0
0
0
0
0
0.113565
0
0
0
0
0.367627
0
0
0
0
0.543592
0
0.687315
0
0
0
0
0
0
0
0
0
0
0
0
0
0
0
0
0
0
0
0
0
0
0
0
0
0
0
0
0
0
0
0
0
0
0
0
0
0
0
0
0
0
0
0
0
0
0
0
0
0
0
0
0
0
0
0
0
0
0
0
0
0
0
0
0
0
0
0
0
0
0
0
0
0
0
0
0
0
0
0
0
0
0
0
0
0
0
0
0
0
0
0
0
0
0
0
0
0
0
0
0
0
0
0
0.827546
0
0
0
0
0
0
0
0
0
0
0
0
0
0
0
0
0
0.881211
0
0
0
0
0
0
0
0
0
0
0
0
0.625978
0
0
0
0.713624
0
0
0
0
0
0
0
0
0
0
0
0
0
0
0.61234
0
0
0
0
0
0
0
0
0.507852
0
0
0
0
0
0
0
0
0
0
0
0
0
0.581192
0.89078
0
0
0
0
0
0
0
0
0
0
0
0
0
0.888715
0
0.851221
0
0
0
0
0
0
0
0
0
0
0
0
0
0
0
0
0
0
0
0
0
0
0
0
0
0
0
0
0
0
0
0
0
0
0
0
0
0
0
0
0
0
0
0
0
0
0
0
0
0
0
0
0
0
0
0
0
0
0
0
0
0
0
0
0
0
0
0
0
0
0
0
0
0
0
0
0
0
0
0
0
0
0
0
0
0
0
0
0
0
0
0
0
0
0
0
0
0
0
0
0
0
0
0
0
0
0
0
0
0
0
0
0
0
0
0
0
0
0
0
0
0
0
0
0.634027
0
0
0
0
0
0
0
0
0
0.3982
0.10159
0
0
0
0
0
0
0
0.831484
0
0
0
0
0
0
0
0
0
0.544501
0
0
0
0
0
0.0597428
0
0
0
0
0
0.741669
0
0
0
0
0.700034
0
0
0
0
0
0
0
0
0
0
0
0
0
0
0
0
0
0
0
0
0
0
0
0
0
0
0
0
0.523034
0
0
0
0
0
0.96461
0
0
0
0
0
0
0
0
0
0
0
0
0
0
0
0
0
0
0
0
0
0
0
0
0
0
0
0
0
0
0
0
0
0
0
0
0
0
0
0
0
0
0
0
0
0
0
0
0
0
0
0
0
0
0
0
0
0
0
0
0
0
0
0
0
0
0
0
0
0
0
0
0
0
0
0
0
0
0
0
0
0
0
0
0
0
0
0
0
0
0
0
0
0
0
0
0
0
0
0
0
0
0
0
0
0
0
0
0
0
0
0
0
0
0
0
0.961133
0
0
0
0
0.705267
0
0
0
0
0
0
0
0
0.156745
0.695784
0
0
0
0
0
0
0
0
0
0.441984
0.691449
0
0
0
0
0
0
0
0
0
0
0
0.55656
0
0
0.966222
0
0
0.940982
0
0
0
0
0
0
0
0
0
0
0
0
0
0
0
0
0
0
0
0
0
0
0
0
0
0
0
0
0
0
0
0
0
0
0
0
0
0
0
0
0.884399
0
0
0
0
0
0
0
0
0
0
0
0
0
0
0
0
0
0
0
0
0
0
0
0
0
0
0
0
0
0
0
0
0
0
0
0
0
0
0
0
0
0
0
0
0
0
0
0
0
0
0
0
0
0
0
0
0
0
0
0
0
0
0
0
0
0
0
0
0
0
0
0
0
0
0
0
0
0
0
0
0
0
0
0
0
0
0
0
0
0
0
0
0
0
0
0
0
0
0
0
0
0
0
0
0
0
0
0
0
0
0
0
0
0
0
0
0
0
0.302819
0
0
0
0
0
0
0
0
0
0
0
0
0
0
0
0
0
0
0
0
0
0
0
0
0
0
0
0.685488
0
0
0.312859
0
0
0.886201
0
0.876128
0
0
0
0
0
0
0
0
0
0
0.797442
0
0
0
0
0
0
0
0
0
0
0
0
0
0
0
0.878796
0
0.783503
0
0
0
0
0
0.232962
0
0
0
0
0
0
0.0983125
0
0
0
0
0
0
0
0
0
0
0
0
0
0
0
0
0
0
0
0
0
0
0
0
0
0
0
0
0
0
0
0
0
0
0
0
0
0
0
0
0
0
0
0
0
0
0
0
0
0
0
0
0
0
0
0
0
0
0
0
0
0
0
0
0
0
0
0
0
0
0
0
0
0
0
0
0
0
0
0
0
0
0
0
0
0
0
0
0
0
0
0
0
0
0
0
0
0
0
0
0
0
0
0
0
0
0.418774
0
0
0
0.525106
0
0
0
0
0
0.668879
0
0
0
0
0
0
0
0
0
0
0
0
0
0
0
0
0
0
0
0
0
0
0
0
0
0
0
0
0
0.0182319
0
0.128768
0.203615
0
0
0
0
0
0
0
0
0
0
0
0
0.256199
0
0
0
0.869926
0
0
0
0
0
0
0
0
0
0
0
0
0
0
0
0
0
0.197315
0
0.225425
0
0
0
0
0
0
0
0
0
0
0
0
0
0
0
0
0
0
0
0
0
0
0
0
0
0
0
0
0
0
0
0
0
0
0
0
0
0
0
0
0
0
0
0
0
0
0
0
0
0
0
0
0
0
0
0
0
0
0
0
0
0
0
0
0
0
0
0
0
0
0
0
0
0
0
0
0
0
0
0
0
0
0
0
0
0
0
0
0
0
0
0
0
0
0
0
0
0
0
0
0
0
0
0
0
0
0
0
0
0
0
0
0
0
0
0
0
0
0
0
0
0
0
0
0
0.548597
0
0
0
0
0
0
0
0.971184
0
0
0
0
0
0
0
0
0
0
0.807131
0
0
0
0
0
0
0
0
0
0
0
0
0
0
0
0
0.0352115
0
0
0
0
0
0
0
0
0
0
0
0
0
0
0
0
0
0.126105
0
0
0
0.675685
0.342054
0
0
0
0
0
0
0
0
0
0
0
0.178634
0
0.924208
0
0
0
0
0
0
0
0.248076
0
0
0
0
0
0
0
0
0
0
0
0
0
0
0
0
0
0
0
0
0
0
0
0
0
0
0
0
0
0
0
0
0
0
0
0
0
0
0
0
0
0
0
0
0
0
0
0
0
0
0
0
0
0
0
0
0
0
0
0
0
0
0
0
0
0
0
0
0
0
0
0
0
0
0
0
0
0
0
0
0
0
0
0
0
0
0
0
0
0
0
0
0
0
0
0
0
0
0
0
0
0
0
0
0
0
0
0
0
0
0
0
0
0
0
0
0
0
0
0
0
0
0
0
0
0
0
0
0
0
0.693874
0
0
0
0.0523534
0
0
0
0
0
0.399857
0
0
0
0
0
0
0.842401
0
0
0
0
0
0
0
0
0
0
0
0
0
0
0
0
0
0
0
0
0
0
0
0
0
0
0
0
0
0
0
0
0
0
0
0
0
0
0
0
0
0
0
0
0
0.191643
0.895786
0
0
0.154457
0.634683
0
0
0.3509
0
0
0.205378
0
0
0
0
0
0
0
0
0
0
0
0
0
0
0
0
0
0
0
0
0
0
0
0
0
0
0
0
0
0
0
0
0
0
0
0
0
0
0
0
0
0
0
0
0
0
0
0
0
0
0
0
0
0
0
0
0
0
0
0
0
0
0
0
0
0
0
0
0
0
0
0
0
0
0
0
0
0
0
0
0
0
0
0
0
0
0
0
0
0
0
0
0
0
0
0
0
0
0
0
0
0
0
0
0
0
0
0
0
0.443431
0
0
0
0
0
0
0
0
0
0.560369
0.904335
0
0
0
0.97453
0
0
0
0
0
0
0
0
0
0
0
0
0
0
0
0
0
0
0
0
0
0
0
0
0
0
0
0
0
0
0.865508
0
0
0.97509
0
0
0.00723149
0
0
0
0
0
0
0
0
0
0
0
0
0
0
0
0
0
0
0
0
0
0
0.576538
0
0
0
0
0
0
0
0.943808
0
0
0
0
0
0
0.302767
0
0
0
0
0
0
0
0
0
0
0
0
0
0
0
0
0
0
0
0
0
0
0
0
0
0
0
0
0
0
0
0
0
0
0
0
0
0
0
0
0
0
0
0
0
0
0
0
0
0
0
0
0
0
0
0
0
0
0
0
0
0
0
0
0
0
0
0
0
0
0
0
0
0
0
0
0
0
0
0
0
0
0
0
0
0
0
0
0
0
0
0
0
0
0
0
0
0
0
0
0
0
0
0
0
0
0
0.183017
0
0
0
0
0
0
0
0
0
0
0
0
0
0
0
0
0
0
0
0
0
0
0
0
0
0
0
0.407381
0
0
0
0
0
0.34791
0
0
0
0
0
0.863093
0.462425
0
0
0
0
0
0
0
0
0
0
0
0
0
0.91314
0
0.883188
0
0
0
0
0
0
0.16671
0
0
0
0
0
0
0
0
0
0
0
0.993838
0
0
0
0
0
0
0
0
0
0
0
0
0
0
0
0
0
0
0.46379
0
0
0
0
0
0
0
0
0
0
0
0
0
0
0
0
0
0
0
0
0
0
0
0
0
0
0
0
0
0
0
0
0
0
0
0
0
0
0
0
0
0
0
0
0
0
0
0
0
0
0
0
0
0
0
0
0
0
0
0
0
0
0
0
0
0
0
0
0
0
0
0
0
0
0
0
0
0
0
0
0
0
0
0
0
0
0
0
0
0
0
0
0
0
0
0
0
0
0
0
0
0
0
0
0
0
0
0
0
0.268901
0
0
0
0
0
0
0
0.880165
0
0
0
0.734286
0
0
0
0
0
0
0
0
0
0.783644
0
0
0
0
0
0
0
0
0
0
0
0
0
0
0
0.866385
0
0.160069
0
0
0
0
0
0
0.143356
0
0
0
0
0
0
0
0
0
0.82302
0
0
0.54328
0
0
0
0
0
0
0
0
0
0
0
0
0
0
0
0.759084
0
0
0
0
0
0
0
0
0
0
0
0
0
0
0
0
0
0
0
0
0
0
0
0
0
0
0
0
0
0
0
0
0
0
0
0
0
0
0
0
0
0
0
0
0
0
0
0
0
0
0
0
0
0
0
0
0
0
0
0
0
0
0
0
0
0
0
0
0
0
0
0
0
0
0
0
0
0
0
0
0
0
0
0
0
0
0
0
0
0
0
0
0
0
0
0
0
0
0
0
0
0
0
0
0
0
0
0
0
0
0
0
0
0
0
0
0.415771
0
0
0.974765
0
0
0
0
0
0
0
0
0
0
0
0.286683
0
0
0
0
0
0
0
0
0
0
0
0
0
0
0
0
0
0.199409
0
0
0
0
0
0
0
0
0
0
0
0
0.102713
0
0
0
0
0
0
0
0.0545418
0
0
0
0
0
0.869945
0
0
0
0
0
0
0
0
0
0
0
0
0
0.0391601
0
0
0
0
0
0
0
0
0
0.135466
0
0
0
0
0
0
0.0139646
0
0
0
0
0
0
0
0
0
0
0
0
0
0
0
0
0
0
0
0
0
0
0
0
0
0
0
0
0
0
0
0
0
0
0
0
0
0
0
0
0
0
0
0
0
0
0
0
0
0
0
0
0
0
0
0
0
0
0
0
0
0
0
0
0
0
0
0
0
0
0
0
0
0
0
0
0
0
0
0
0
0
0
0
0
0
0
0
0
0
0
0
0
0
0
0
0
0
0
0
0
0
0
0
0
0
0
0
0
0
0
0
0
0
0.898817
0
0
0
0
0
0
0
0
0
0
0
0
0.362486
0
0
0
0
0
0
0
0
0
0
0
0
0
0
0
0
0
0
0
0
0
0
0
0.444564
0
0
0
0.582349
0
0
0
0
0
0
0
0
0
0
0
0
0
0
0
0
0
0.242248
0.60862
0
0
0
0
0
0
0.596014
0.0894853
0
0
0
0
0
0
0
0
0
0
0
0
0
0
0
0.117969
0.0747994
0
0
0
0
0
0
0
0
0
0
0
0
0
0
0
0
0
0
0
0
0
0
0
0
0
0
0
0
0
0
0
0
0
0
0
0
0
0
0
0
0
0
0
0
0
0
0
0
0
0
0
0
0
0
0
0
0
0
0
0
0
0
0
0
0
0
0
0
0
0
0
0
0
0
0
0
0
0
0
0
0
0
0
0
0
0
0
0
0
0
0
0
0
0
0
0
0
0
0
0
0
0
0
0
0
0
0
0
0
0
0
0
0
0.740314
0
0
0
0
0
0
0
0
0
0
0
0
0
0.914323
0
0
0
0
0.932076
0
0
0
0
0
0
0
0.882437
0
0
0.650695
0
0.321653
0.68649
0
0
0
0
0
0
0
0
0
0
0
0.200491
0
0
0
0
0
0
0
0
0.774049
0
0
0
0
0
0
0
0
0.0822433
0
0
0
0
0
0
0
0
0
0
0
0
0
0
0
0
0
0
0
0
0
0
0
0
0
0
0
0
0
0
0
0
0
0
0
0
0
0
0
0
0
0
0
0
0
0
0
0
0
0
0
0
0
0
0
0
0
0
0
0
0
0
0
0
0
0
0
0
0
0
0
0
0
0
0
0
0
0
0
0
0
0
0
0
0
0
0
0
0
0
0
0
0
0
0
0
0
0
0
0
0
0
0
0
0
0
0
0
0
0
0
0
0
0
0
0
0
0
0
0
0
0
0
0
0
0
0
0
0
0
0
0
0
0
0
0
0
0
0
0
0
0
0
0
0
0
0
0
0
0
0
0
0
0
0.741053
0
0
0
0
0
0
0
0
0.403093
0
0
0
0
0
0
0
0
0
0.477569
0
0
0
0
0
0.480336
0
0
0
0
0
0
0
0
0.748619
0
0
0
0
0.86862
0
0
0
0
0
0
0
0
0
0
0
0
0
0
0
0
0
0
0
0
0
0
0
0.0306775
0
0
0.705731
0.46844
0
0
0
0.754381
0
0
0
0
0
0
0
0
0
0
0
0
0
0
0
0
0
0
0
0
0
0
0
0
0
0
0
0
0
0
0
0
0
0
0
0
0
0
0
0
0
0
0
0
0
0
0
0
0
0
0
0
0
0
0
0
0
0
0
0
0
0
0
0
0
0
0
0
0
0
0
0
0
0
0
0
0
0
0
0
0
0
0
0
0
0
0
0
0
0
0
0
0
0
0
0
0
0
0
0
0
0
0
0
0
0
0
0
0.614879
0
0.0786593
0
0
0
0
0
0
0
0
0
0
0
0
0
0.895308
0
0
0
0
0
0
0
0
0.267013
0
0
0
0
0
0
0.99452
0
0
0
0
0
0
0.251686
0.818068
0
0
0
0
0
0
0
0
0
0
0
0
0
0
0
0
0
0
0
0
0
0
0
0
0
0.0140586
0.715211
0
0
0
0
0
0
0
0
0
0
0
0
0
0
0
0.712789
0
0
0
0
0
0
0
0
0
0
0
0
0
0
0
0
0
0
0
0
0
0
0
0
0
0
0
0
0
0
0
0
0
0
0
0
0
0
0
0
0
0
0
0
0
0
0
0
0
0
0
0
0
0
0
0
0
0
0
0
0
0
0
0
0
0
0
0
0
0
0
0
0
0
0
0
0
0
0
0
0
0
0
0
0
0
0
0
0
0
0
0
0
0
0
0
0
0
0
0
0
0
0
0
0
0
0
0
0
0
0
0
0
0
0
0.578982
0
0
0
0
0
0
0
0
0
0
0
0
0.56303
0
0
0
0
0
0
0.0591367
0
0
0
0
0
0
0
0
0
0
0
0
0
0
0
0.846631
0
0
0
0
0.325384
0
0
0
0
0
0
0
0
0
0
0
0
0
0.00569217
0
0.148637
0
0
0.312819
0
0
0
0
0
0
0
0
0
0
0
0
0.0829896
0
0
0
0
0
0
0
0
0
0
0
0.376125
0
0
0
0
0
0
0
0
0
0
0
0
0
0
0
0
0
0
0
0
0
0
0
0
0
0
0
0
0
0
0
0
0
0
0
0
0
0
0
0
0
0
0
0
0
0
0
0
0
0
0
0
0
0
0
0
0
0
0
0
0
0
0
0
0
0
0
0
0
0
0
0
0
0
0
0
0
0
0
0
0
0
0
0
0
0
0
0
0
0
0
0
0
0
0
0
0
0
0
0
0
0
0
0
0
0
0
0
0
0
0
0
0
0
0
0
0
0
0
0
0
0.165097
0
0.371788
0
0
0
0
0
0
0
0
0
0
0
0
0
0
0
0
0
0
0
0
0
0
0
0
0
0
0
0
0
0
0
0
0
0
0
0
0
0
0
0
0.968176
0
0
0
0
0.941859
0
0
0
0
0
0
0
0
0
0
0
0
0
0
0.0974465
0
0
0
0
0
0.355588
0
0
0.911905
0
0
0
0.441461
0
0
0
0.807855
0
0
0
0
0.603583
0
0
0
0
0
0
0
0
0
0
0
0
0
0
0
0
0
0
0
0
0
0
0
0
0
0
0
0
0
0
0
0
0
0
0
0
0
0
0
0
0
0
0
0
0
0
0
0
0
0
0
0
0
0
0
0
0
0
0
0
0
0
0
0
0
0
0
0
0
0
0
0
0
0
0
0
0
0
0
0
0
0
0
0
0
0
0
0
0
0
0
0
0
0
0
0
0
0
0
0
0
0
0
0
0
0.609166
0
0
0
0
0
0.839845
0
0
0
0
0
0
0
0.909019
0
0
0
0
0
0
0
0
0
0
0
0
0.770304
0
0
0
0
0
0
0
0
0
0
0
0
0
0
0
0
0
0
0
0
0
0
0
0
0
0
0
0
0
0
0
0
0
0
0.883892
0
0
0
0
0
0
0
0
0
0.399963
0
0
0
0
0.872029
0
0
0
0
0
0
0
0
0.247878
0
0
0
0
0
0.354264
0
0
0
0
0
0
0.495779
0
0
0
0
0
0
0
0
0
0
0
0
0
0
0
0
0
0
0
0
0
0
0
0
0
0
0
0
0
0
0
0
0
0
0
0
0
0
0
0
0
0
0
0
0
0
0
0
0
0
0
0
0
0
0
0
0
0
0
0
0
0
0
0
0
0
0
0
0
0
0
0
0
0
0
0
0
0
0
0
0
0
0
0
0
0
0
0
0
0
0
0
0
0
0
0
0
0
0
0
0
0.897858
0
0
0
0
0
0.50528
0
0
0
0
0
0
0
0
0.930354
0
0
0.413985
0
0.971299
0
0.366836
0
0
0
0
0
0
0
0
0
0
0
0
0
0
0
0
0
0
0
0
0
0
0
0
0
0
0
0.503288
0
0
0
0.499824
0
0.577147
0
0
0
0
0
0
0
0
0
0
0
0
0
0
0
0
0
0
0
0
0
0
0
0
0
0
0
0
0
0
0
0
0.798413
0
0
0
0
0
0
0
0
0
0
0
0
0
0
0
0
0
0
0
0
0
0
0
0
0
0
0
0
0
0
0
0
0
0
0
0
0
0
0
0
0
0
0
0
0
0
0
0
0
0
0
0
0
0
0
0
0
0
0
0
0
0
0
0
0
0
0
0
0
0
0
0
0
0
0
0
0
0
0
0
0
0
0
0
0
0
0
0
0
0
0
0
0
0
0
0
0
0
0
0
0
0
0
0
0
0
0
0
0
0
0
0
0
0
0
0
0
0
0
0
0
0
0
0
0
0
0
0
0
0
0
0
0.932503
0.780913
0
0
0.17576
0
0
0.368524
0
0
0
0
0
0
0
0.963068
0
0
0
0
0
0
0
0
0
0
0
0
0.994658
0
0
0
0
0
0
0
0
0
0.326841
0.8292
0
0
0
0
0
0.874136
0
0
0
0
0.525089
0
0
0
0
0
0
0
0
0
0
0
0
0
0
0
0
0
0
0
0
0
0
0
0
0
0
0
0
0
0
0
0
0
0
0
0
0
0
0
0
0
0
0
0
0
0
0
0
0
0
0
0
0
0
0
0
0
0
0
0
0
0
0
0
0
0
0
0
0
0
0
0
0
0
0
0
0
0
0
0
0
0
0
0
0
0
0
0
0
0
0
0
0
0
0
0
0
0
0
0
0
0
0
0
0
0
0
0
0
0
0
0
0
0
0
0
0
0
0
0
0
0
0
0
0
0
0
0
0
0
0
0.526452
0
0
0
0
0
0
0
0
0.944148
0
0
0
0
0
0
0
0
0.794893
0
0
0
0.286554
0
0.0553591
0.235986
0
0
0
0
0
0
0
0
0
0
0
0
0
0
0
0
0
0
0
0
0
0
0
0
0
0
0.752218
0
0
0
0
0
0.531424
0
0
0.169131
0
0
0
0
0
0
0
0
0
0
0
0
0
0
0.28739
0
0
0
0
0
0
0
0
0
0
0
0
0
0
0
0
0
0
0
0
0
0
0
0
0
0
0
0
0
0
0
0
0
0
0
0
0
0
0
0
0
0
0
0
0
0
0
0
0
0
0
0
0
0
0
0
0
0
0
0
0
0
0
0
0
0
0
0
0
0
0
0
0
0
0
0
0
0
0
0
0
0
0
0
0
0
0
0
0
0
0
0
0
0
0
0
0
0
0
0
0
0
0
0
0
0
0
0
0
0
0
0
0
0
0
0
0
0
0
0
0
0
0
0
0
0.0279849
0
0
0.798549
0
0.617465
0.39631
0
0
0
0
0
0
0
0
0
0
0
0
0
0
0
0
0
0
0
0
0
0
0.53759
0
0
0
0
0
0.53529
0
0
0
0
0
0
0
0
0
0
0.913802
0.75348
0
0
0.722602
0
0
0
0
0
0
0
0
0
0
0
0
0
0
0
0
0
0
0
0
0
0
0
0.990971
0
0
0
0
0
0
0
0
0
0
0
0
0
0
0
0
0
0
0
0
0
0
0
0
0
0
0
0
0
0
0
0
0
0
0
0
0
0
0
0
0
0
0
0
0
0
0
0
0
0
0
0
0
0
0
0
0
0
0
0
0
0
0
0
0
0
0
0
0
0
0
0
0
0
0
0
0
0
0
0
0
0
0
0
0
0
0
0
0
0
0
0
0
0
0
0
0
0
0
0
0
0
0
0
0
0
0
0
0
0
0
0
0
0
0
0
0
0
0
0
0
0
0
0
0
0
0
0
0
0
0
0
0
0
0
0
0
0
0
0
0
0
0
0
0
0
0
0
0
0
0
0
0
0
0
0.948272
0
0
0
0
0
0
0
0
0
0
0.352094
0
0
0
0.548359
0
0.420194
0
0
0
0
0
0
0
0
0
0
0
0
0
0
0
0.0713178
0
0
0
0.300721
0.243609
0
0.498301
0
0
0
0
0
0
0
0
0
0
0
0
0.191202
0
0
0
0.283365
0
0
0
0
0
0
0
0
0
0
0
0
0
0
0
0
0
0
0
0
0
0
0
0
0
0
0
0
0
0
0
0
0
0
0
0
0
0
0
0
0
0
0
0
0
0
0
0
0
0
0
0
0
0
0
0
0
0
0
0
0
0
0
0
0
0
0
0
0
0
0
0
0
0
0
0
0
0
0
0
0
0
0
0
0
0
0
0
0
0
0
0
0
0
0
0
0
0
0
0
0
0
0
0
0
0
0
0
0
0
0
0
0
0
0
0
0
0
0
0
0
0
0
0
0
0
0
0
0
0
0.200196
0
0
0
0
0
0.586946
0
0
0.399794
0
0
0
0
0
0
0
0.242422
0
0
0
0
0
0.528244
0
0
0
0
0
0.152282
0
0
0
0
0
0
0
0
0
0
0
0
0
0
0
0
0
0
0
0
0
0
0.943451
0
0.368423
0
0
0
0
0
0
0
0.770323
0
0
0
0
0
0
0
0
0
0.410186
0
0
0
0
0
0
0
0
0
0
0
0
0
0
0
0
0
0
0
0
0
0
0
0
0
0
0
0
0
0
0
0
0
0
0
0
0
0
0
0
0
0
0
0
0
0
0
0
0
0
0
0
0
0
0
0
0
0
0
0
0
0
0
0
0
0
0
0
0
0
0
0
0
0
0
0
0
0
0
0
0
0
0
0
0
0
0
0
0
0
0
0
0
0
0
0
0
0
0
0
0
0
0
0.799494
0.460388
0.84556
0
0
0
0
0
0
0
0.413093
0.589672
0
0
0
0
0
0
0
0
0
0
0
0
0
0
0
0
0
0
0
0
0
0
0
0
0
0
0
0
0
0
0
0
0
0
0
0
0
0
0
0
0.509268
0
0
0
0.52213
0
0
0
0
0
0
0
0
0
0
0
0.694124
0
0
0
0
0
0
0
0
0.761978
0
0
0
0
0
0
0
0
0
0
0
0
0
0
0.327406
0
0
0
0
0
0
0
0
0
0
0
0
0
0
0
0
0
0
0
0
0
0
0
0
0
0
0
0
0
0
0
0
0
0
0
0
0
0
0
0
0
0
0
0
0
0
0
0
0
0
0
0
0
0
0
0
0
0
0
0
0
0
0
0
0
0
0
0
0
0
0
0
0
0
0
0
0
0
0
0
0
0
0
0
0
0
0
0
0
0
0
0
0
0
0
0
0
0
0
0
0
0
0
0
0
0
0
0
0
0
0
0
0
0
0.713175
0
0
0
0
0
0
0
0
0
0
0
0
0
0
0
0
0
0
0
0
0
0
0
0
0
0
0
0
0
0
0
0
0
0
0
0
0
0
0
0
0
0
0.084323
0
0.254664
0
0
0
0
0
0
0
0
0
0
0
0
0
0
0.535937
0
0
0
0
0
0.355938
0
0
0
0
0
0
0.280686
0
0
0
0.180667
0
0
0.610958
0
0
0
0
0
0
0
0
0.525702
0
0.458324
0
0
0
0
0
0
0
0
0
0
0
0
0
0
0
0
0
0
0
0
0
0
0
0
0
0
0
0
0
0
0
0
0
0
0
0
0
0
0
0
0
0
0
0
0
0
0
0
0
0
0
0
0
0
0
0
0
0
0
0
0
0
0
0
0
0
0
0
0
0
0
0
0
0
0
0
0
0
0
0
0
0
0
0
0
0
0
0
0
0
0
0
0
0
0
0
0
0
0
0
0
0
0
0
0
0
0
0
0
0
0
0
0
0
0
0
0
0.940953
0
0
0
0
0
0
0
0
0
0
0
0
0
0
0
0
0
0.168408
0
0
0
0
0
0
0
0
0
0
0
0
0
0.15984
0
0.0434381
0
0
0
0
0
0.817463
0
0
0
0.219238
0
0
0
0
0
0
0
0
0
0
0
0.29482
0
0
0
0
0
0.0958312
0
0.477848
0
0
0
0
0
0
0
0
0
0.70397
0
0
0
0
0
0
0
0
0
0
0
0
0
0
0
0
0
0
0
0
0
0
0
0
0
0
0
0
0
0
0
0
0
0
0
0
0
0
0
0
0
0
0
0
0
0
0
0
0
0
0
0
0
0
0
0
0
0
0
0
0
0
0
0
0
0
0
0
0
0
0
0
0
0
0
0
0
0
0
0
0
0
0
0
0
0
0
0
0
0
0
0
0
0
0
0
0
0
0
0
0
0
0
0
0
0
0
0
0
0
0
0
0.966365
0
0
0
0
0
0
0
0
0
0
0.232341
0
0.250847
0
0
0.114408
0
0
0
0
0
0
0
0
0
0
0
0
0
0
0
0
0
0
0
0
0
0
0
0
0
0
0
0
0
0
0
0
0
0.859931
0
0
0
0
0
0
0.477061
0
0
0
0
0
0
0
0
0
0
0
0
0
0
0
0
0
0
0
0
0.804277
0.494077
0
0
0
0
0.13836
0
0
0
0
0
0
0
0
0
0.741687
0
0
0
0
0
0
0
0
0
0
0
0
0
0
0
0
0
0
0
0
0
0
0
0
0
0
0
0
0
0
0
0
0
0
0
0
0
0
0
0
0
0
0
0
0
0
0
0
0
0
0
0
0
0
0
0
0
0
0
0
0
0
0
0
0
0
0
0
0
0
0
0
0
0
0
0
0
0
0
0
0
0
0
0
0
0
0
0
0
0
0
0
0
0
0
0
0
0
0
0
0
0.748108
0
0
0
0
0
0.131124
0
0
0
0
0
0
0
0
0
0
0
0
0
0
0
0
0
0
0
0
0
0
0
0
0
0
0
0
0
0
0
0
0
0
0
0
0.233663
0
0
0
0
0
0
0
0
0
0
0
0.211386
0
0
0
0
0
0.483725
0.404641
0
0
0
0
0
0
0
0
0
0.556773
0
0
0
0.242313
0
0
0.0074801
0
0
0
0
0
0
0
0
0
0
0
0
0
0
0
0
0.558402
0
0
0
0
0
0
0
0
0
0
0
0
0
0
0
0
0
0
0
0
0
0
0
0
0
0
0
0
0
0
0
0
0
0
0
0
0
0
0
0
0
0
0
0
0
0
0
0
0
0
0
0
0
0
0
0
0
0
0
0
0
0
0
0
0
0
0
0
0
0
0
0
0
0
0
0
0
0
0
0
0
0
0
0
0
0
0
0
0
0
0
0
0
0
0
0
0
0
0
0
0
0
0
0
0
0.96424
0
0
0
0
0
0.718719
0.741411
0
0
0
0
0
0
0
0
0
0
0
0
0.181375
0
0
0
0
0
0
0
0
0
0
0
0
0
0
0
0
0
0.653606
0.380361
0
0
0
0
0.275548
0
0
0
0
0
0
0
0
0
0
0
0
0
0
0
0
0
0
0.616056
0.633257
0
0
0
0
0
0
0
0
0
0
0
0
0
0
0
0
0
0.455848
0
0
0
0
0
0
0
0
0
0
0
0
0
0
0
0
0
0
0
0
0
0
0
0
0
0
0
0
0
0
0
0
0
0
0
0
0
0
0
0
0
0
0
0
0
0
0
0
0
0
0
0
0
0
0
0
0
0
0
0
0
0
0
0
0
0
0
0
0
0
0
0
0
0
0
0
0
0
0
0
0
0
0
0
0
0
0
0
0
0
0
0
0
0
0
0
0
0
0
0
0
0
0
0
0
0
0
0
0
0
0
0
0
0
0
0
0
0
0
0
0
0
0
0
0
0
0
0
0
0
0
0.486052
0.475698
0
0
0
0
0
0
0
0
0
0.853633
0
0
0
0
0
0.907479
0
0
0
0
0
0.687423
0.696646
0
0
0
0
0
0
0
0
0
0
0
0
0
0
0
0
0
0
0
0
0
0
0
0
0
0
0
0
0.673779
0
0
0
0
0
0
0
0
0
0
0
0
0
0
0
0
0
0
0
0
0
0
0
0
0
0.795742
0.153071
0.0328741
0
0
0
0
0
0
0
0
0
0
0
0
0
0
0
0
0
0
0
0
0
0
0
0
0
0
0
0
0
0
0
0
0
0
0
0
0
0
0
0
0
0
0
0
0
0
0
0
0
0
0
0
0
0
0
0
0
0
0
0
0
0
0
0
0
0
0
0
0
0
0
0
0
0
0
0
0
0
0
0
0
0
0
0
0
0
0
0
0
0
0
0
0
0
0
0
0
0
0
0
0
0
0
0.181519
0
0
0
0
0
0
0
0
0
0
0
0
0
0
0
0
0.533974
0
0
0.592241
0
0
0
0
0
0
0
0
0.855981
0
0
0
0
0
0
0.328962
0
0.486603
0
0
0
0
0
0
0
0
0
0
0
0
0
0
0
0
0
0
0
0
0
0
0
0
0.670652
0
0
0.667801
0
0
0
0
0
0
0.650168
0
0
0
0
0
0
0
0
0
0
0
0
0
0
0
0
0.391019
0
0
0
0
0
0
0
0
0
0
0
0
0
0
0
0
0
0
0
0
0
0
0
0
0
0
0
0
0
0
0
0
0
0
0
0
0
0
0
0
0
0
0
0
0
0
0
0
0
0
0
0
0
0
0
0
0
0
0
0
0
0
0
0
0
0
0
0
0
0
0
0
0
0
0
0
0
0
0
0
0
0
0
0
0
0
0
0
0
0
0
0
0
0
0
0
0
0
0
0
0
0
0
0
0
0
0
0
0
0
0.937512
0
0
0
0.430756
0
0
0
0
0
0
0
0
0
0
0
0
0
0.630776
0
0
0
0
0
0
0
0
0
0
0
0
0
0
0
0
0
0
0
0
0
0
0
0
0
0
0.0133309
0
0.190214
0
0
0
0
0
0
0
0
0
0
0
0
0
0
0
0
0
0
0
0
0.166266
0
0
0
0.637186
0
0
0
0
0
0
0
0
0
0.579935
0
0
0
0
0
0
0
0
0.767516
0
0
0.387271
0
0
0
0
0
0
0
0
0
0
0
0
0
0
0
0
0
0
0
0
0
0
0
0
0
0
0
0
0
0
0
0
0
0
0
0
0
0
0
0
0
0
0
0
0
0
0
0
0
0
0
0
0
0
0
0
0
0
0
0
0
0
0
0
0
0
0
0
0
0
0
0
0
0
0
0
0
0
0
0
0
0
0
0
0
0
0
0
0
0
0
0
0
0
0
0
0
0
0
0
0
0
0
0
0
0.461794
0.0304236
0
0
0
0
0
0
0.635676
0
0
0
0
0
0
0
0
0
0
0.593806
0
0
0
0
0
0
0
0.478588
0
0
0
0
0
0
0
0
0
0
0
0
0
0
0
0
0
0
0
0
0
0
0
0
0
0
0.325389
0
0
0
0
0.74591
0
0
0
0
0
0
0
0
0
0
0
0
0
0
0
0
0
0
0
0
0
0
0
0
0.893165
0
0
0
0
0
0
0
0.446209
0.470537
0
0
0
0
0
0
0
0
0
0
0
0
0
0
0
0
0
0
0
0
0
0
0
0
0
0
0
0
0
0
0
0
0
0
0
0
0
0
0
0
0
0
0
0
0
0
0
0
0
0
0
0
0
0
0
0
0
0
0
0
0
0
0
0
0
0
0
0
0
0
0
0
0
0
0
0
0
0
0
0
0
0
0
0
0
0
0
0
0
0
0
0
0
0
0
0
0
0
0
0
0
0
0
0
0
0
0
0
0
0
0
0
0
0.821828
0.0939277
0
0
0
0
0
0
0
0
0
0
0.52844
0
0
0.486409
0
0
0
0
0.912821
0
0
0
0
0
0
0
0
0
0
0
0
0
0
0
0
0.309615
0
0
0
0
0
0
0
0
0
0
0
0
0
0
0
0
0
0
0
0
0
0
0
0
0.703579
0
0
0
0
0
0
0
0.258999
0
0
0.0894153
0
0
0
0
0
0
0
0
0
0
0
0
0
0.439006
0
0
0
0
0
0
0
0
0
0
0
0
0
0
0
0
0
0
0
0
0
0
0
0
0
0
0
0
0
0
0
0
0
0
0
0
0
0
0
0
0
0
0
0
0
0
0
0
0
0
0
0
0
0
0
0
0
0
0
0
0
0
0
0
0
0
0
0
0
0
0
0
0
0
0
0
0
0
0
0
0
0
0
0
0
0
0
0
0
0
0
0
0
0
0
0
0
0
0
0
0
0
0
0
0
0.189397
0
0
0
0
0
0
0.866201
0
0
0
0
0
0
0
0
0
0
0
0
0
0
0
0.996114
0
0
0
0
0
0
0
0
0
0
0
0
0
0
0
0
0
0.670022
0
0
0
0
0
0
0
0
0
0
0
0
0
0
0
0
0
0
0
0
0
0
0
0
0
0
0.97961
0
0
0.414091
0.559808
0.0915217
0
0
0
0
0
0
0
0
0
0
0
0.642778
0
0
0
0
0.967718
0
0
0
0
0
0
0
0
0
0
0
0
0
0
0
0
0
0
0
0
0
0
0
0
0
0
0
0
0
0
0
0
0
0
0
0
0
0
0
0
0
0
0
0
0
0
0
0
0
0
0
0
0
0
0
0
0
0
0
0
0
0
0
0
0
0
0
0
0
0
0
0
0
0
0
0
0
0
0
0
0
0
0
0
0
0
0
0
0
0
0
0
0
0
0
0
0
0
0
0
0
0
0
0
0
0
0
0
0
0.0195232
0
0
0
0
0
0
0
0
0
0
0
0
0
0
0
0
0
0
0
0
0
0
0
0
0
0
0
0
0.625406
0
0
0
0
0
0
0
0
0
0
0
0.96123
0
0
0
0
0
0
0
0
0
0
0
0
0
0
0
0
0
0.534598
0
0
0
0
0.787736
0
0
0
0
0
0
0
0
0
0
0.510982
0
0
0
0.604388
0
0
0
0
0
0
0
0
0.265554
0
0
0
0
0.891984
0
0
0.838686
0
0
0
0
0
0
0
0
0
0
0
0
0
0
0
0
0
0
0
0
0
0
0
0
0
0
0
0
0
0
0
0
0
0
0
0
0
0
0
0
0
0
0
0
0
0
0
0
0
0
0
0
0
0
0
0
0
0
0
0
0
0
0
0
0
0
0
0
0
0
0
0
0
0
0
0
0
0
0
0
0
0
0
0
0
0
0
0
0
0
0
0
0
0
0
0
0
0
0
0
0
0
0
0
0
0
0
0
0
0.00896494
0
0
0
0
0
0.257107
0
0
0
0
0.192632
0
0
0
0
0
0
0
0
0
0
0
0
0
0
0
0
0
0
0
0
0
0
0
0
0
0
0.770161
0
0
0
0
0
0
0
0
0
0
0.540512
0
0
0
0
0.937028
0
0.612594
0.480296
0
0.84799
0
0
0
0
0
0
0.323906
0
0
0
0
0
0
0
0
0
0
0
0
0
0
0
0
0
0
0
0
0
0
0
0
0
0
0
0
0
0
0
0
0
0
0
0
0
0
0
0
0
0
0
0
0
0
0
0
0
0
0
0
0
0
0
0
0
0
0
0
0
0
0
0
0
0
0
0
0
0
0
0
0
0
0
0
0
0
0
0
0
0
0
0
0
0
0
0
0
0
0
0
0
0
0
0
0
0
0
0
0
0
0
0
0
0
0
0
0
0
0
0
0
0
0
0
0
0
0
0
0
0
0
0
0
0
0
0
0
0
0
0
0
0
0
0
0
0
0
0
0
0.990151
0
0
0
0
0
0
0
0
0
0
0
0
0
0.290746
0
0.41975
0
0
0
0
0
0
0
0.85743
0
0
0
0
0.292133
0
0
0
0
0
0
0
0
0
0
0
0
0
0
0
0
0.544638
0
0
0
0
0
0
0
0
0
0
0
0
0
0.382477
0
0
0
0
0
0.360179
0
0
0
0
0
0
0
0
0.447259
0
0
0
0
0.664761
0
0
0
0
0
0
0
0
0
0
0
0
0
0
0
0
0
0
0
0
0
0
0
0
0
0
0
0
0
0
0
0
0
0
0
0
0
0
0
0
0
0
0
0
0
0
0
0
0
0
0
0
0
0
0
0
0
0
0
0
0
0
0
0
0
0
0
0
0
0
0
0
0
0
0
0
0
0
0
0
0
0
0
0
0
0
0
0
0
0
0
0
0
0
0
0
0
0
0
0
0
0
0
0
0
0
0.656994
0
0
0.92044
0
0.780701
0
0
0
0
0
0
0
0
0
0
0
0
0
0
0
0
0
0
0
0
0
0
0
0.979666
0
0
0
0.746605
0
0
0.518494
0
0
0
0
0
0
0
0
0.188234
0
0
0
0
0
0
0
0
0
0
0
0
0
0
0
0.546613
0.976617
0
0
0
0
0
0
0
0
0
0
0
0
0
0
0
0
0
0
0
0
0
0
0
0
0
0
0
0
0
0.727186
0
0
0
0
0
0
0
0
0
0
0
0
0
0
0
0
0
0
0
0
0
0
0
0
0
0
0
0
0
0
0
0
0
0
0
0
0
0
0
0
0
0
0
0
0
0
0
0
0
0
0
0
0
0
0
0
0
0
0
0
0
0
0
0
0
0
0
0
0
0
0
0
0
0
0
0
0
0
0
0
0
0
0
0
0
0
0
0
0
0
0
0
0
0
0
0
0
0
0
0
0
0
0
0
0
0
0
0
0.751529
0.454333
0
0
0
0
0
0
0
0
0.0911776
0
0
0
0
0
0
0
0
0
0
0
0
0
0
0
0
0
0
0
0
0
0
0
0
0
0
0
0
0.448378
0
0
0
0
0
0
0
0
0
0
0
0
0.228014
0
0
0
0
0
0
0
0
0
0
0
0
0
0
0
0.466665
0
0
0
0.92736
0
0
0
0.174351
0
0
0.863482
0
0
0
0
0
0
0
0
0.835473
0
0
0
0
0
0
0
0
0
0
0
0
0
0
0
0
0
0
0
0
0
0
0
0
0
0
0
0
0
0
0
0
0
0
0
0
0
0
0
0
0
0
0
0
0
0
0
0
0
0
0
0
0
0
0
0
0
0
0
0
0
0
0
0
0
0
0
0
0
0
0
0
0
0
0
0
0
0
0
0
0
0
0
0
0
0
0
0
0
0
0
0
0
0
0
0
0
0
0
0
0
0
0
0
0
0
0
0.472236
0
0
0
0
0
0
0
0
0
0
0
0
0
0
0
0.578638
0
0
0
0
0
0
0
0
0
0
0
0
0
0
0
0
0
0
0
0
0
0
0
0
0
0
0
0
0
0.563677
0.399538
0
0
0
0
0
0
0
0
0
0
0
0
0
0
0
0.983049
0
0.883247
0
0
0
0
0
0
0
0
0
0
0
0
0
0
0
0
0
0.875598
0
0
0
0.326142
0
0
0
0
0
0
0
0.497808
0
0
0.436933
0
0
0
0
0
0
0
0
0
0
0
0
0
0
0
0
0
0
0
0
0
0
0
0
0
0
0
0
0
0
0
0
0
0
0
0
0
0
0
0
0
0
0
0
0
0
0
0
0
0
0
0
0
0
0
0
0
0
0
0
0
0
0
0
0
0
0
0
0
0
0
0
0
0
0
0
0
0
0
0
0
0
0
0
0
0
0
0
0
0
0
0
0
0
0
0
0
0
0
0
0
0
0
0
0
0
0
0
0
0.145138
0
0
0
0
0
0
0
0
0
0
0
0.288491
0.53514
0.426496
0
0
0
0
0
0
0
0
0
0
0
0
0
0
0
0
0
0.2174
0
0
0
0
0.011149
0.179542
0
0
0
0
0
0.0669522
0
0
0
0
0
0
0
0
0
0
0
0
0
0
0.98286
0.35981
0
0
0
0
0
0
0
0
0
0
0
0
0
0
0
0
0
0
0
0
0
0
0
0
0
0
0
0
0
0
0
0
0
0
0
0
0
0
0
0
0
0
0
0
0
0
0
0
0
0
0
0
0
0
0
0
0
0
0
0
0
0
0
0
0
0
0
0
0
0
0
0
0
0
0
0
0
0
0
0
0
0
0
0
0
0
0
0
0
0
0
0
0
0
0
0
0
0
0
0
0
0
0
0
0
0
0
0
0
0
0
0
0
0
0
0
0
0
0
0
0
0
0
0
0
0
0
0
0
0
0
0
0
0
0
0
0
0
0
0
0
0
0
0
0
0
0
0.931892
0
0
0
0
0
0
0
0
0.298399
0
0
0
0
0.182655
0
0
0
0.579559
0
0
0
0
0
0
0
0
0
0
0
0
0
0.208425
0
0
0.00641983
0
0
0
0
0
0
0
0
0
0
0
0
0
0
0
0
0
0.704048
0.59338
0
0
0
0.411407
0
0
0
0.206705
0
0
0
0
0
0
0
0
0
0
0
0
0
0
0
0
0
0
0
0
0
0
0
0
0
0
0
0
0
0
0
0
0
0
0
0
0
0
0
0
0
0
0
0
0
0
0
0
0
0
0
0
0
0
0
0
0
0
0
0
0
0
0
0
0
0
0
0
0
0
0
0
0
0
0
0
0
0
0
0
0
0
0
0
0
0
0
0
0
0
0
0
0
0
0
0
0
0
0
0
0
0
0
0
0
0
0
0
0
0
0
0
0
0
0
0
0
0
0
0
0
0
0
0
0.418574
0
0
0
0
0
0
0
0
0
0
0
0
0
0.0843436
0.418097
0
0
0
0
0
0
0
0
0
0
0
0
0
0
0
0
0
0
0
0
0
0.57542
0
0
0
0
0
0
0
0
0
0
0
0
0
0
0
0
0
0
0
0
0
0
0
0
0
0.820251
0.140269
0
0
0
0
0
0
0
0
0
0
0.89193
0
0
0
0
0.316367
0
0
0
0
0
0.904819
0
0
0
0
0
0.778511
0
0
0
0
0
0
0
0
0
0
0
0
0
0
0
0
0
0
0
0
0
0
0
0
0
0
0
0
0
0
0
0
0
0
0
0
0
0
0
0
0
0
0
0
0
0
0
0
0
0
0
0
0
0
0
0
0
0
0
0
0
0
0
0
0
0
0
0
0
0
0
0
0
0
0
0
0
0
0
0
0
0
0
0
0
0
0
0
0
0
0
0
0
0
0
0
0
0
0
0
0
0
0
0
0
0
0
0.288911
0.110228
0
0
0
0
0.405323
0
0
0
0
0
0
0
0
0
0
0
0
0.156506
0
0
0
0
0
0
0
0
0
0
0
0
0
0
0
0
0
0
0
0
0.629076
0
0
0
0
0
0
0
0
0
0
0
0
0
0
0
0
0
0
0
0.448851
0
0
0
0
0
0
0
0
0.335524
0
0
0
0
0
0
0
0
0
0
0
0
0
0
0.565572
0.616187
0
0
0
0
0
0.244928
0
0
0
0
0
0
0
0
0
0
0
0
0
0
0
0
0
0
0
0
0
0
0
0
0
0
0
0
0
0
0
0
0
0
0
0
0
0
0
0
0
0
0
0
0
0
0
0
0
0
0
0
0
0
0
0
0
0
0
0
0
0
0
0
0
0
0
0
0
0
0
0
0
0
0
0
0
0
0
0
0
0
0
0
0
0
0
0
0
0
0
0
0
0
0
0
0
0
0
0
0
0
0
0
0
0
0
0
0
0
0
0
0.17895
0
0
0
0
0
0
0
0
0
0
0
0.936737
0
0
0
0
0
0
0
0
0
0
0
0
0
0
0.367145
0
0
0
0
0.882964
0
0
0
0
0
0
0
0
0
0
0.32718
0
0
0
0
0
0
0.895373
0
0
0
0
0
0
0
0
0
0
0
0
0
0
0.99399
0
0
0
0
0.658991
0
0
0
0
0
0.960727
0
0
0
0
0
0
0
0
0
0
0.220205
0
0
0
0
0
0
0
0
0
0
0
0
0
0
0
0
0
0
0
0
0
0
0
0
0
0
0
0
0
0
0
0
0
0
0
0
0
0
0
0
0
0
0
0
0
0
0
0
0
0
0
0
0
0
0
0
0
0
0
0
0
0
0
0
0
0
0
0
0
0
0
0
0
0
0
0
0
0
0
0
0
0
0
0
0
0
0
0
0
0
0
0
0
0
0
0
0
0
0
0
0
0
0
0
0
0
0
0
0
0
0
0
0
0.243196
0
0
0.242089
0
0
0
0
0
0
0
0
0
0
0
0.223934
0
0
0
0
0
0
0
0.359274
0
0
0
0
0
0
0
0
0
0
0
0
0
0
0
0
0
0
0
0
0
0
0
0
0
0
0
0
0
0
0
0
0
0
0
0
0
0
0
0.294183
0
0
0
0
0
0.400367
0
0.966925
0
0
0.908964
0
0
0
0.554261
0
0
0.266618
0
0
0
0
0
0
0
0
0
0
0
0
0
0
0
0
0
0
0
0
0
0
0
0
0
0
0
0
0
0
0
0
0
0
0
0
0
0
0
0
0
0
0
0
0
0
0
0
0
0
0
0
0
0
0
0
0
0
0
0
0
0
0
0
0
0
0
0
0
0
0
0
0
0
0
0
0
0
0
0
0
0
0
0
0
0
0
0
0
0
0
0
0
0
0
0
0
0
0
0
0
0
0
0
0
0
0
0
0
0
0
0.391085
0
0
0
0
0
0
0
0
0
0
0
0
0.258026
0
0
0
0
0
0
0
0
0
0.292704
0.107156
0
0
0
0
0
0
0
0
0
0
0
0
0
0
0
0
0
0
0
0
0
0
0
0
0
0
0
0
0
0.966207
0
0
0
0
0.4015
0
0
0
0
0
0.237508
0
0
0.73986
0
0
0
0
0
0
0
0
0.912941
0
0
0
0
0
0
0
0
0
0.846997
0
0
0
0
0
0
0
0
0
0
0
0
0
0
0
0
0
0
0
0
0
0
0
0
0
0
0
0
0
0
0
0
0
0
0
0
0
0
0
0
0
0
0
0
0
0
0
0
0
0
0
0
0
0
0
0
0
0
0
0
0
0
0
0
0
0
0
0
0
0
0
0
0
0
0
0
0
0
0
0
0
0
0
0
0
0
0
0
0
0
0
0
0
0
0
0
0
0
0
0
0
0
0
0
0
0
0
0
0
0
0
0
0
0.367819
0
0
0.845332
0
0
0
0
0
0
0
0
0
0
0
0
0
0
0
0
0
0
0
0
0.951574
0
0
0
0
0
0
0
0
0
0
0
0
0
0
0
0
0
0
0
0
0
0.0276334
0
0.666787
0
0
0
0
0
0
0
0
0
0
0
0
0
0
0
0
0.95402
0
0
0
0
0
0
0
0
0
0
0
0
0
0.562878
0
0
0
0
0
0
0
0.734493
0
0.0339902
0
0
0
0.860046
0
0
0
0
0
0
0
0
0
0
0
0
0
0
0
0
0
0
0
0
0
0
0
0
0
0
0
0
0
0
0
0
0
0
0
0
0
0
0
0
0
0
0
0
0
0
0
0
0
0
0
0
0
0
0
0
0
0
0
0
0
0
0
0
0
0
0
0
0
0
0
0
0
0
0
0
0
0
0
0
0
0
0
0
0
0
0
0
0
0
0
0
0
0
0
0
0
0
0
0
0
0
0
0
0
0
0
0
0
0
0
0
0
0
0
0.756128
0
0
0
0.623283
0
0
0.162811
0
0
0
0
0
0
0.697484
0
0
0
0
0
0
0
0
0
0
0
0.285151
0
0
0
0
0
0
0
0
0
0
0
0
0
0
0
0
0
0
0
0
0
0.213807
0
0
0
0
0
0
0
0
0
0
0
0
0
0
0
0
0
0
0
0
0
0
0
0
0
0
0
0
0
0
0.643672
0.611294
0
0
0
0.434399
0
0
0.987774
0
0
0
0
0
0
0
0
0
0
0
0
0
0
0
0
0
0
0
0
0
0
0
0
0
0
0
0
0
0
0
0
0
0
0
0
0
0
0
0
0
0
0
0
0
0
0
0
0
0
0
0
0
0
0
0
0
0
0
0
0
0
0
0
0
0
0
0
0
0
0
0
0
0
0
0
0
0
0
0
0
0
0
0
0
0
0
0
0
0
0
0
0
0
0
0
0
0
0
0
0
0
0
0.669952
0
0
0
0
0
0
0
0
0
0
0
0
0.74433
0
0
0
0
0
0
0
0
0
0
0
0
0
0
0
0
0.763003
0
0
0
0.981982
0
0
0
0
0
0
0.841134
0
0
0
0
0.0239094
0
0
0
0
0
0
0
0
0
0
0
0
0
0.228339
0
0
0
0
0
0
0
0
0
0
0
0
0
0
0
0.551836
0
0.42965
0
0
0
0
0
0.517117
0
0
0
0
0
0
0
0
0
0
0
0
0
0
0
0
0
0
0
0
0
0
0
0
0
0
0
0
0
0
0
0
0
0
0
0
0
0
0
0
0
0
0
0
0
0
0
0
0
0
0
0
0
0
0
0
0
0
0
0
0
0
0
0
0
0
0
0
0
0
0
0
0
0
0
0
0
0
0
0
0
0
0
0
0
0
0
0
0
0
0
0
0
0
0
0
0
0
0
0
0
0
0
0
0
0
0
0
0
0
0
0
0
0
0
0
0
0.547049
0
0
0
0
0
0
0
0
0
0
0
0
0
0
0
0.548476
0
0
0
0
0
0
0
0
0
0
0
0
0
0
0
0
0
0
0
0
0
0
0
0
0
0
0.065659
0
0
0
0
0.532201
0
0.766103
0
0
0
0
0
0
0
0
0.237073
0
0
0
0
0
0
0
0
0
0
0
0
0
0
0
0.26595
0
0
0
0
0
0
0
0
0.800272
0
0.108986
0
0
0
0.411613
0
0
0
0
0
0
0
0
0
0
0
0
0
0
0
0
0
0
0
0
0
0
0
0
0
0
0
0
0
0
0
0
0
0
0
0
0
0
0
0
0
0
0
0
0
0
0
0
0
0
0
0
0
0
0
0
0
0
0
0
0
0
0
0
0
0
0
0
0
0
0
0
0
0
0
0
0
0
0
0
0
0
0
0
0
0
0
0
0
0
0
0
0
0
0
0
0
0
0
0
0
0
0
0
0
0
0
0
0
0
0
0.228435
0
0
0
0.457814
0
0
0
0
0
0
0
0
0
0
0
0.16482
0
0
0
0
0.27477
0
0
0
0
0
0
0
0
0
0
0
0.844249
0
0
0
0
0
0
0
0
0
0
0
0
0
0
0
0
0
0
0
0.456685
0
0
0
0
0
0
0
0
0
0
0
0.528206
0
0
0
0
0
0
0
0
0
0
0
0
0.577011
0.5199
0
0
0.266778
0
0
0
0
0
0
0
0
0
0
0
0
0
0
0
0
0
0
0
0
0
0
0
0
0
0
0
0
0
0
0
0
0
0
0
0
0
0
0
0
0
0
0
0
0
0
0
0
0
0
0
0
0
0
0
0
0
0
0
0
0
0
0
0
0
0
0
0
0
0
0
0
0
0
0
0
0
0
0
0
0
0
0
0
0
0
0
0
0
0
0
0
0
0
0
0
0
0
0
0
0
0
0
0
0
0
0
0
0
0
0
0
0
0
0
0
0
0
0.480316
0
0
0
0
0
0
0
0
0.235135
0
0
0
0
0
0
0.415084
0
0
0
0
0
0
0
0
0
0
0
0
0
0
0
0
0
0
0
0
0
0
0
0
0
0
0
0
0
0
0
0
0
0.895323
0
0
0
0
0
0.283226
0
0
0
0
0
0
0
0
0
0
0.221636
0.59733
0
0
0
0
0
0
0
0
0
0.724118
0
0
0
0
0
0.302021
0
0
0
0.372203
0
0
0
0
0
0
0
0
0
0
0
0
0
0
0
0
0
0
0
0
0
0
0
0
0
0
0
0
0
0
0
0
0
0
0
0
0
0
0
0
0
0
0
0
0
0
0
0
0
0
0
0
0
0
0
0
0
0
0
0
0
0
0
0
0
0
0
0
0
0
0
0
0
0
0
0
0
0
0
0
0
0
0
0
0
0
0
0
0
0
0
0
0
0
0
0
0
0
0
0
0
0
0
0

