1	16	19	20	22	25	27	28	30	
2	19	23	24	25	26	28	29	
3	17	18	21	23	25	27	
4	21	22	24	29	
5	16	18	19	21	23	26	29	
6	16	19	20	23	24	30	
7	17	18	24	25	30	
8	16	17	19	23	26	28	
9	20	24	26	28	
10	17	18	20	22	25	26	27	
11	17	21	23	24	27	29	
12	16	20	21	26	28	29	
13	17	18	22	27	28	30	
14	16	18	19	21	22	27	30	
15	20	22	25	29	30	
16	2	3	9	10	13	15	
17	1	5	6	12	14	
18	1	4	6	8	9	11	12	15	
19	7	9	12	13	
20	2	3	4	5	8	11	13	14	
21	2	6	7	8	9	10	13	15	
22	2	3	5	7	8	9	11	12	
23	1	4	7	9	10	
24	1	3	5	8	10	12	13	14	15	
25	4	6	11	12	13	14	
26	1	3	4	11	14	
27	2	4	5	6	8	15	
28	6	7	11	15	
29	1	7	10	14	
30	2	3	5	10	